Player	Team	Pos	Age	G	AB	R	H	2B	3B	HR	RBI	SB	CS	BB	SO	SH	SF	HBP	AVG	OBP	SLG	OPS
Marcus Semien	TEX	2B	32	161	657	101	163	31	5	26	83	25	8	53	120	0	10	4	0.248	0.304	0.429	0.733
Trea Turner	LAD	SS	29	160	652	101	194	39	4	21	100	27	3	45	131	0	6	3	0.298	0.343	0.466	0.809
Bo Bichette	TOR	SS	25	159	652	91	189	43	1	24	93	13	8	41	155	0	2	2	0.29	0.333	0.469	0.802
Dansby Swanson	ATL	SS	29	162	640	99	177	32	1	25	96	18	7	49	182	0	4	3	0.277	0.329	0.447	0.776
Vladimir Guerrero	TOR	1B	23	160	638	90	175	35	0	32	97	8	3	58	116	0	4	6	0.274	0.339	0.48	0.819
Amed Rosario	CLE	SS	27	153	637	86	180	26	9	11	71	18	4	25	111	0	4	4	0.283	0.312	0.403	0.715
Francisco Lindor	NYM	SS	29	161	630	98	170	25	5	26	107	16	6	59	133	0	7	10	0.27	0.339	0.449	0.788
Matt Olson	ATL	1B	28	162	616	86	148	44	0	34	103	0	0	75	170	0	4	4	0.24	0.325	0.477	0.802
Austin Riley	ATL	3B	25	159	615	90	168	39	2	38	93	2	0	57	168	0	4	17	0.273	0.349	0.528	0.877
Freddie Freeman	LAD	1B	33	159	612	117	199	47	2	21	100	13	3	84	102	0	7	5	0.325	0.407	0.511	0.918
Cedric Mullins	BAL	OF	28	156	608	89	157	32	4	16	64	34	10	47	126	1	5	9	0.258	0.318	0.403	0.721
Adolis Garcia	TEX	OF	30	156	605	88	151	34	5	27	101	25	6	40	183	0	6	6	0.25	0.3	0.456	0.756
Jose Ramirez	CLE	3B	30	157	601	90	168	44	5	29	126	20	7	69	82	0	9	6	0.28	0.355	0.514	0.869
Jose Abreu	CWS	1B	36	157	601	85	183	40	0	15	75	0	0	62	110	0	4	12	0.304	0.378	0.446	0.824
Pete Alonso	NYM	1B	28	160	597	95	162	27	0	40	131	5	1	67	128	0	9	12	0.271	0.352	0.518	0.87
Corey Seager	TEX	SS	28	151	593	91	145	24	1	33	83	3	0	58	103	0	5	7	0.245	0.317	0.455	0.772
Alex Verdugo	BOS	OF	26	152	593	75	166	39	1	11	74	1	3	42	86	0	6	3	0.28	0.328	0.405	0.733
Nathaniel Lowe	TEX	1B	27	157	593	74	179	26	3	27	76	2	2	48	147	0	0	4	0.302	0.358	0.492	0.85
Bobby Witt	KC	SS	22	150	591	82	150	31	6	20	80	30	7	30	135	0	5	6	0.254	0.294	0.428	0.722
Rhys Hoskins	PHI	1B	29	156	589	81	145	33	2	30	79	2	1	72	169	0	4	6	0.246	0.332	0.462	0.794
Jake Cronenworth	SD	2B	29	158	587	88	140	30	4	17	88	3	0	70	131	0	8	16	0.239	0.332	0.39	0.722
Randy Arozarena	TB	OF	28	153	586	72	154	41	3	20	89	32	12	46	156	0	2	11	0.263	0.327	0.445	0.772
Shohei Ohtani	LAA	DH	28	157	586	90	160	30	6	34	95	11	9	72	161	0	3	5	0.273	0.356	0.519	0.875
Alec Bohm	PHI	3B	26	152	586	79	164	24	3	13	72	2	3	31	110	0	10	4	0.28	0.315	0.398	0.713
Christian Walker	ARI	1B	31	160	583	84	141	25	2	36	94	2	2	69	131	0	7	8	0.242	0.327	0.477	0.804
Brandon Nimmo	NYM	OF	29	151	580	102	159	30	7	16	64	3	2	71	116	3	3	16	0.274	0.367	0.433	0.8
Manny Machado	SD	3B	30	150	578	100	172	37	1	32	102	9	1	63	133	0	2	1	0.298	0.366	0.531	0.897
Kyle Schwarber	PHI	OF	30	155	577	100	126	21	3	46	94	10	1	86	200	0	2	4	0.218	0.323	0.504	0.827
Tommy Edman	STL	2B	27	153	577	95	153	31	4	13	57	32	3	46	111	1	1	5	0.265	0.324	0.4	0.724
Jurickson Profar	SD	OF	30	152	575	82	140	36	2	15	58	5	1	73	103	3	3	4	0.243	0.331	0.391	0.722
Christian Yelich	MIL	OF	31	154	575	99	145	25	4	14	57	19	3	88	162	1	2	5	0.252	0.355	0.383	0.738
C.J. Cron	COL	1B	33	150	575	79	148	28	3	29	102	0	0	43	164	0	5	8	0.257	0.315	0.468	0.783
Anthony Santander	BAL	OF	28	152	574	78	138	24	0	33	89	0	2	55	122	0	5	13	0.24	0.318	0.455	0.773
Ian Happ	CHC	OF	28	158	573	72	155	42	2	17	72	9	4	58	149	0	4	6	0.271	0.342	0.44	0.782
Mookie Betts	LAD	OF	30	142	572	117	154	40	3	35	82	12	2	55	104	0	4	8	0.269	0.34	0.533	0.873
Aaron Judge	NYY	OF	30	157	570	133	177	28	0	62	131	16	3	111	175	0	5	6	0.311	0.425	0.686	1.111
Willy Adames	MIL	SS	27	139	563	83	134	31	0	31	98	8	3	49	166	0	4	1	0.238	0.298	0.458	0.756
Steven Kwan	CLE	OF	25	147	563	89	168	25	7	6	52	19	5	62	60	2	4	7	0.298	0.373	0.4	0.773
Paul Goldschmidt	STL	1B	35	151	561	106	178	41	0	35	115	7	0	79	141	0	4	5	0.317	0.404	0.578	0.982
Cesar Hernandez	WAS	2B	32	147	560	64	139	28	4	1	34	10	4	45	114	3	2	7	0.248	0.311	0.318	0.629
Xander Bogaerts	BOS	SS	30	150	557	84	171	38	0	15	73	8	2	57	118	0	7	10	0.307	0.377	0.456	0.833
Nolan Arenado	STL	3B	31	148	557	73	163	42	1	30	103	5	3	52	72	0	4	7	0.293	0.358	0.533	0.891
Javier Baez	DET	SS	30	144	555	64	132	27	4	17	67	9	2	26	147	0	3	6	0.238	0.278	0.393	0.671
Rafael Devers	BOS	3B	26	141	555	84	164	42	1	27	88	3	1	50	114	0	3	6	0.295	0.358	0.521	0.879
Ryan Mountcastle	BAL	1B	26	145	555	62	139	28	1	22	85	4	1	43	154	0	7	4	0.25	0.305	0.423	0.728
Ty France	SEA	1B	28	140	551	65	151	27	1	20	83	0	0	35	94	0	5	21	0.274	0.338	0.436	0.774
Alex Bregman	HOU	3B	28	155	548	93	142	38	0	23	93	1	2	87	77	0	10	11	0.259	0.366	0.454	0.82
Luis Arraez	MIN	2B	25	144	547	88	173	31	1	8	49	4	4	50	43	0	3	3	0.316	0.375	0.42	0.795
Yuli Gurriel	HOU	1B	38	146	545	53	132	40	0	8	53	8	0	30	73	0	3	6	0.242	0.288	0.36	0.648
Kyle Tucker	HOU	OF	26	150	544	71	140	28	1	30	107	25	4	59	95	0	2	1	0.257	0.33	0.478	0.808
Eugenio Suarez	SEA	3B	31	150	543	76	128	24	2	31	87	0	0	73	196	0	5	8	0.236	0.332	0.459	0.791
Bryan Reynolds	PIT	OF	28	145	542	74	142	19	4	27	62	7	3	56	141	0	2	14	0.262	0.345	0.461	0.806
Adam Frazier	SEA	2B	31	156	541	61	129	22	4	3	42	11	6	46	73	4	6	5	0.238	0.301	0.311	0.612
Matt Chapman	TOR	3B	29	155	538	83	123	27	1	27	76	2	2	68	170	0	5	10	0.229	0.324	0.433	0.757
Sean Murphy	OAK	C	28	148	537	67	134	37	2	18	66	1	0	56	124	0	5	13	0.25	0.332	0.426	0.758
Myles Straw	CLE	OF	28	152	535	72	118	22	3	0	32	21	1	54	87	2	4	1	0.221	0.291	0.273	0.564
Austin Hays	BAL	OF	27	145	535	66	134	35	2	16	60	2	4	34	114	0	3	10	0.25	0.306	0.413	0.719
J.D. Martinez	BOS	DH	35	139	533	76	146	43	1	16	62	0	0	52	145	0	5	5	0.274	0.341	0.448	0.789
Jeff McNeil	NYM	2B	30	148	533	73	174	39	1	9	62	4	0	40	61	0	5	11	0.326	0.382	0.454	0.836
Daulton Varsho	ARI	C	26	151	531	79	125	23	3	27	74	16	6	46	145	2	5	7	0.235	0.302	0.443	0.745
Charlie Blackmon	COL	OF	36	135	530	60	140	22	6	16	78	4	1	32	109	4	3	8	0.264	0.314	0.419	0.733
Rowdy Tellez	MIL	1B	27	153	529	67	116	23	0	35	89	2	1	62	121	0	3	5	0.219	0.306	0.461	0.767
Ryan McMahon	COL	3B	28	153	529	67	130	23	3	20	67	7	3	60	158	0	3	5	0.246	0.327	0.414	0.741
Jose Altuve	HOU	2B	32	141	527	103	158	39	0	28	57	18	1	66	87	0	1	10	0.3	0.387	0.533	0.92
Brendan Rodgers	COL	2B	26	137	527	72	140	30	3	13	63	0	0	46	101	0	5	3	0.266	0.325	0.408	0.733
Kyle Farmer	CIN	SS	32	145	526	58	134	25	1	14	78	4	3	33	99	2	6	16	0.255	0.315	0.386	0.701
Gleyber Torres	NYY	2B	26	140	526	73	135	28	1	24	76	10	5	39	129	1	3	3	0.257	0.31	0.451	0.761
Wilmer Flores	SF	3B	31	151	525	72	120	28	1	19	71	0	0	59	103	0	7	11	0.229	0.316	0.394	0.71
Nick Castellanos	PHI	OF	31	136	524	56	138	27	0	13	62	7	1	29	130	0	2	3	0.263	0.305	0.389	0.694
Carlos Correa	MIN	SS	28	136	522	70	152	24	1	22	64	0	1	61	121	0	4	3	0.291	0.366	0.467	0.833
Jeremy Pena	HOU	SS	25	136	521	72	132	20	2	22	63	11	2	22	135	1	5	6	0.253	0.289	0.426	0.715
J.P. Crawford	SEA	SS	28	145	518	57	126	24	3	6	42	3	2	68	80	2	5	10	0.243	0.339	0.336	0.675
Ha-Seong Kim	SD	SS	27	150	517	58	130	29	3	11	59	12	2	51	100	3	4	7	0.251	0.325	0.383	0.708
Andrew McCutchen	MIL	OF	36	134	515	66	122	25	0	17	69	8	6	57	124	0	4	4	0.237	0.316	0.384	0.7
George Springer	TOR	OF	33	133	513	89	137	22	4	25	76	14	2	54	100	0	5	7	0.267	0.342	0.472	0.814
Julio Rodriguez	SEA	OF	22	132	511	84	145	25	3	28	75	25	7	40	145	0	1	8	0.284	0.345	0.509	0.854
Andrew Vaughn	CWS	OF	24	134	510	60	138	28	1	17	76	0	0	31	96	0	5	9	0.271	0.321	0.429	0.75
Will Smith	LAD	C	27	137	508	68	132	26	3	24	87	1	0	56	96	0	4	10	0.26	0.343	0.465	0.808
Randal Grichuk	COL	OF	31	141	506	60	131	21	3	19	73	4	0	24	127	0	2	6	0.259	0.299	0.425	0.724
Ke'Bryan Hayes	PIT	3B	26	136	505	55	123	24	3	7	41	20	5	48	122	0	2	5	0.244	0.314	0.345	0.659
Cody Bellinger	LAD	OF	27	144	504	70	106	27	3	19	68	14	3	38	150	0	6	2	0.21	0.265	0.389	0.654
J.T. Realmuto	PHI	C	31	139	504	75	139	26	5	22	84	21	1	41	119	0	5	12	0.276	0.342	0.478	0.82
Gio Urshela	MIN	3B	31	144	501	61	143	27	3	13	64	1	0	41	96	0	7	2	0.285	0.338	0.429	0.767
Seth Brown	OAK	OF	30	150	500	55	115	26	3	25	73	11	2	51	146	0	1	3	0.23	0.305	0.444	0.749
Teoscar Hernandez	TOR	OF	30	131	499	71	133	35	1	25	77	6	3	34	152	0	0	2	0.267	0.316	0.491	0.807
Lane Thomas	WAS	OF	27	146	498	62	120	26	2	17	52	8	4	41	132	0	5	4	0.241	0.301	0.404	0.705
Tony Kemp	OAK	2B	31	147	497	61	117	24	2	7	46	11	1	45	69	5	3	8	0.235	0.307	0.334	0.641
Eduardo Escobar	NYM	3B	34	136	495	58	119	26	4	20	69	0	2	40	129	0	6	1	0.24	0.295	0.43	0.725
Taylor Ward	LAA	OF	29	135	495	73	139	22	2	23	65	5	3	60	120	0	5	4	0.281	0.36	0.473	0.833
Jorge Mateo	BAL	SS	27	150	494	63	109	25	7	13	50	35	9	27	147	3	2	5	0.221	0.267	0.379	0.646
Ketel Marte	ARI	2B	29	137	492	68	118	42	2	12	52	5	1	55	101	0	5	6	0.24	0.321	0.407	0.728
Andres Gimenez	CLE	2B	24	146	491	66	146	26	3	17	69	20	3	34	112	4	3	25	0.297	0.371	0.466	0.837
Luis Rengifo	LAA	2B	26	127	489	45	129	22	4	17	52	6	2	17	79	1	0	4	0.264	0.294	0.429	0.723
AJ Pollock	CWS	OF	35	138	489	61	120	26	1	14	56	3	1	32	98	0	4	2	0.245	0.292	0.389	0.681
Thairo Estrada	SF	2B	27	140	488	71	127	22	2	14	62	21	6	33	89	1	5	14	0.26	0.322	0.4	0.722
Mike Yastrzemski	SF	OF	32	148	485	73	104	31	2	17	57	5	1	61	141	1	6	5	0.214	0.305	0.392	0.697
Isiah Kiner-Falefa	NYY	SS	27	142	483	66	126	20	0	4	48	22	4	35	72	3	5	5	0.261	0.314	0.327	0.641
Nico Hoerner	CHC	SS	25	135	481	60	135	22	5	10	55	20	2	28	57	0	2	6	0.281	0.327	0.41	0.737
Jonathan Schoop	DET	2B	31	131	481	48	97	23	1	11	38	5	0	19	107	0	4	6	0.202	0.239	0.322	0.561
Josh Donaldson	NYY	3B	37	132	478	59	106	28	0	15	62	2	2	54	148	0	6	8	0.222	0.308	0.374	0.682
Hunter Renfroe	MIL	OF	31	125	474	62	121	23	1	29	72	1	1	39	121	2	3	4	0.255	0.315	0.492	0.807
Yandy Diaz	TB	3B	31	137	473	71	140	33	0	9	57	3	3	78	60	0	1	6	0.296	0.401	0.423	0.824
Miguel Rojas	MIA	SS	34	140	471	34	111	19	2	6	36	9	3	26	61	1	3	6	0.236	0.283	0.323	0.606
Marcell Ozuna	ATL	OF	32	124	470	56	106	19	0	23	56	2	1	31	122	0	4	2	0.226	0.274	0.413	0.687
Yordan Alvarez	HOU	OF	25	135	470	95	144	29	2	37	97	1	1	78	106	0	7	6	0.306	0.406	0.613	1.019
Alejandro Kirk	TOR	C	24	139	470	59	134	19	0	14	63	0	0	63	58	0	4	4	0.285	0.372	0.415	0.787
Patrick Wisdom	CHC	3B	31	134	469	67	97	28	0	25	66	8	4	53	183	1	2	9	0.207	0.298	0.426	0.724
Justin Turner	LAD	3B	38	128	468	61	130	36	0	13	81	3	0	50	89	0	8	6	0.278	0.35	0.438	0.788
DJ LeMahieu	NYY	3B	34	125	467	74	122	18	0	12	46	4	3	67	71	1	2	4	0.261	0.357	0.377	0.734
Ronald Acuna	ATL	OF	25	119	467	71	124	24	0	15	50	29	11	53	126	0	3	10	0.266	0.351	0.413	0.764
Starling Marte	NYM	OF	34	118	466	76	136	24	5	16	63	18	9	26	97	0	0	13	0.292	0.347	0.468	0.815
Anthony Rizzo	NYY	1B	33	130	465	77	104	21	1	32	75	6	5	58	101	0	2	23	0.224	0.338	0.48	0.818
Max Muncy	LAD	3B	32	136	464	69	91	22	1	21	69	2	0	90	141	0	6	5	0.196	0.329	0.384	0.713
Hunter Dozier	KC	3B	31	129	462	51	109	26	4	12	41	4	3	34	125	0	1	3	0.236	0.292	0.387	0.679
Mark Canha	NYM	OF	34	140	462	71	123	24	0	13	61	3	1	48	97	0	4	28	0.266	0.367	0.403	0.77
MJ Melendez	KC	C	24	129	460	57	100	21	3	18	62	2	3	66	131	0	7	1	0.217	0.313	0.393	0.706
Jesse Winker	SEA	OF	29	136	456	51	100	15	0	14	53	0	0	84	103	0	3	4	0.219	0.344	0.344	0.688
Lourdes Gurriel	TOR	OF	29	121	453	52	132	32	1	5	52	3	4	31	83	0	2	6	0.291	0.343	0.4	0.743
Trent Grisham	SD	OF	26	152	451	58	83	16	2	17	53	7	1	57	150	7	2	7	0.184	0.284	0.341	0.625
Josh Naylor	CLE	1B	25	122	449	47	115	28	0	20	79	6	1	38	80	0	5	6	0.256	0.319	0.452	0.771
Santiago Espinal	TOR	2B	28	135	449	51	120	25	0	7	51	6	6	36	68	1	3	2	0.267	0.322	0.37	0.692
Nelson Cruz	WAS	DH	42	124	448	50	105	16	0	10	64	4	0	49	119	0	3	4	0.234	0.313	0.337	0.65
Salvador Perez	KC	C	32	114	445	48	113	23	1	23	76	0	0	18	109	0	3	7	0.254	0.292	0.465	0.757
Jose Miranda	MIN	3B	24	125	444	45	119	25	0	15	66	1	1	28	91	0	1	10	0.268	0.325	0.426	0.751
Josh Rojas	ARI	2B	28	125	443	66	119	25	1	9	56	23	3	55	98	5	5	2	0.269	0.349	0.391	0.74
Jose Iglesias	COL	SS	33	118	439	48	128	30	0	3	47	2	3	17	56	0	3	8	0.292	0.328	0.38	0.708
Mike Trout	LAA	OF	31	119	438	85	124	28	2	40	80	1	0	54	139	0	1	6	0.283	0.369	0.63	0.999
Nicky Lopez	KC	SS	27	142	436	51	99	12	4	0	20	13	3	29	63	10	1	4	0.227	0.281	0.273	0.554
Dylan Carlson	STL	OF	24	128	432	56	102	30	4	8	42	5	2	45	94	0	4	7	0.236	0.316	0.38	0.696
Geraldo Perdomo	ARI	SS	23	148	431	58	84	10	2	5	40	9	2	50	103	12	2	5	0.195	0.285	0.262	0.547
Kolten Wong	MIL	2B	32	134	430	65	108	24	4	15	47	17	6	46	88	2	5	14	0.251	0.339	0.43	0.769
Jeimer Candelario	DET	3B	29	124	429	49	93	19	2	13	50	0	1	28	109	0	4	6	0.217	0.272	0.361	0.633
Bryson Stott	PHI	SS	25	127	427	58	100	19	2	10	49	12	4	36	89	1	1	1	0.234	0.295	0.358	0.653
Rougned Odor	BAL	2B	29	135	426	49	88	19	3	13	53	6	1	32	109	0	4	10	0.207	0.275	0.357	0.632
Owen Miller	CLE	2B	26	130	424	53	103	26	1	6	51	2	0	32	93	0	9	7	0.243	0.301	0.351	0.652
Jared Walsh	LAA	1B	29	118	423	41	91	18	2	15	44	2	1	27	138	0	0	4	0.215	0.269	0.374	0.643
Gavin Lux	LAD	2B	25	129	421	66	116	20	7	6	42	7	2	47	95	0	3	0	0.276	0.346	0.399	0.745
Harold Castro	DET	2B	29	120	420	37	114	21	2	7	47	0	1	17	79	3	2	1	0.271	0.3	0.381	0.681
Gary Sanchez	MIN	C	30	128	419	42	86	24	0	16	61	2	0	40	136	0	5	7	0.205	0.282	0.377	0.659
Willson Contreras	CHC	C	30	113	416	65	101	23	2	22	55	4	2	45	103	0	2	24	0.243	0.349	0.466	0.815
Jesus Aguilar	MIA	1B	32	113	415	37	98	18	0	15	49	1	0	27	106	0	5	4	0.236	0.286	0.388	0.674
Michael Taylor	KC	OF	31	124	414	49	105	10	3	9	43	4	2	35	109	2	3	2	0.254	0.313	0.357	0.67
Garrett Cooper	MIA	1B	32	119	414	37	108	33	2	9	50	0	0	40	119	0	5	10	0.261	0.337	0.415	0.752
Michael Harris	ATL	OF	22	114	414	75	123	27	3	19	64	20	2	21	107	1	0	5	0.297	0.339	0.514	0.853
Raimel Tapia	TOR	OF	29	128	411	47	109	20	3	7	52	8	2	16	81	3	1	0	0.265	0.292	0.38	0.672
Brandon Crawford	SF	SS	36	118	407	50	94	15	2	9	52	1	1	39	98	0	4	8	0.231	0.308	0.344	0.652
Taylor Walls	TB	SS	26	142	407	53	70	18	2	8	33	10	3	52	120	2	2	2	0.172	0.268	0.285	0.553
Luis Urias	MIL	2B	25	119	406	54	97	17	1	16	47	1	2	50	99	0	5	11	0.239	0.335	0.404	0.739
Jonah Heim	TEX	C	27	127	406	51	92	20	1	16	48	2	0	41	87	0	2	1	0.227	0.298	0.399	0.697
Nick Gordon	MIN	OF	27	138	405	45	110	28	4	9	50	6	4	19	105	3	6	10	0.272	0.316	0.427	0.743
Connor Joe	COL	OF	30	111	404	56	96	20	4	7	28	6	2	55	97	0	1	7	0.238	0.338	0.359	0.697
Harold Ramirez	TB	OF	28	120	403	46	121	24	0	6	58	3	5	19	72	0	4	9	0.3	0.343	0.404	0.747
Ramon Urias	BAL	3B	28	118	403	50	100	17	1	16	51	1	0	30	98	3	4	5	0.248	0.305	0.414	0.719
Chris Taylor	LAD	OF	32	118	402	45	89	25	3	10	43	10	1	44	160	0	3	5	0.221	0.304	0.373	0.677
Michael Chavis	PIT	2B	27	129	401	39	92	16	3	14	49	1	1	19	126	0	4	2	0.229	0.265	0.389	0.654
Adley Rutschman	BAL	C	25	113	398	70	101	35	1	13	42	4	0	65	86	0	3	4	0.254	0.362	0.445	0.807
Giancarlo Stanton	NYY	OF	33	110	398	53	84	7	0	31	78	0	0	50	137	0	3	0	0.211	0.297	0.462	0.759
Miguel Cabrera	DET	DH	39	112	397	25	101	10	0	5	43	1	0	28	101	0	5	3	0.254	0.305	0.317	0.622
Seiya Suzuki	CHC	OF	28	111	397	54	104	22	2	14	46	9	5	42	110	0	3	4	0.262	0.336	0.433	0.769
Yoan Moncada	CWS	3B	27	104	397	41	84	18	1	12	51	2	0	32	114	1	1	2	0.212	0.273	0.353	0.626
Travis d'Arnaud	ATL	C	34	107	396	61	106	25	1	18	60	0	0	19	90	0	0	11	0.268	0.319	0.472	0.791
Keibert Ruiz	WAS	C	24	112	394	33	99	22	0	7	36	6	1	30	50	1	2	6	0.251	0.313	0.36	0.673
Brendan Donovan	STL	2B	26	126	391	64	110	21	1	5	45	2	3	60	70	1	2	14	0.281	0.394	0.379	0.773
Max Kepler	MIN	OF	30	115	388	54	88	18	1	9	43	3	2	49	66	0	4	5	0.227	0.318	0.348	0.666
Kole Calhoun	TEX	OF	35	125	388	36	76	14	1	12	49	3	2	27	136	0	3	6	0.196	0.257	0.33	0.587
Josh Harrison	CWS	2B	35	119	386	50	99	19	2	7	27	2	1	21	71	2	2	14	0.256	0.317	0.37	0.687
Jonathan India	CIN	2B	26	103	386	48	96	16	2	10	41	3	4	31	94	0	0	14	0.249	0.327	0.378	0.705
Aaron Hicks	NYY	OF	33	130	384	54	83	9	2	8	40	10	3	62	109	1	2	4	0.216	0.33	0.313	0.643
Whit Merrifield	KC	2B	34	95	383	51	92	23	1	6	42	15	3	30	61	0	7	0	0.24	0.29	0.352	0.642
Alek Thomas	ARI	OF	22	113	381	45	88	17	1	8	39	4	3	22	74	0	5	3	0.231	0.275	0.344	0.619
Luis Robert	CWS	OF	25	98	380	54	108	18	0	12	56	11	3	17	77	0	1	3	0.284	0.319	0.426	0.745
Joc Pederson	SF	OF	30	134	380	57	104	19	3	23	70	3	2	42	100	0	4	7	0.274	0.353	0.521	0.874
Christopher Morel	CHC	OF	23	113	379	55	89	19	4	16	47	10	7	38	137	3	2	3	0.235	0.308	0.433	0.741
Gavin Sheets	CWS	OF	26	124	377	34	91	19	0	15	53	0	0	27	86	0	3	3	0.241	0.295	0.411	0.706
Riley Greene	DET	OF	22	93	376	46	95	18	4	5	42	1	4	36	120	0	3	3	0.253	0.321	0.362	0.683
Josh Bell	WAS	1B	30	103	375	52	113	24	3	14	57	0	1	49	61	0	6	5	0.301	0.384	0.493	0.877
Jorge Polanco	MIN	2B	29	104	375	54	88	16	0	16	56	3	3	64	95	0	4	2	0.235	0.346	0.405	0.751
Tyrone Taylor	MIL	OF	29	120	373	49	87	21	3	17	51	3	2	22	102	0	3	7	0.233	0.286	0.442	0.728
Nick Senzel	CIN	OF	27	110	373	45	86	13	0	5	25	8	5	30	76	2	1	5	0.231	0.296	0.306	0.602
Yonathan Daza	COL	OF	29	113	372	56	112	21	2	2	34	0	3	26	58	1	5	4	0.301	0.349	0.384	0.733
Ben Gamel	PIT	OF	30	115	371	42	86	20	2	9	46	5	1	48	98	0	1	3	0.232	0.324	0.369	0.693
Maikel Franco	WAS	3B	30	103	371	31	85	15	0	9	39	1	0	12	75	0	3	2	0.229	0.255	0.342	0.597
Bryce Harper	PHI	DH	30	99	370	63	106	28	1	18	65	11	4	46	87	0	7	3	0.286	0.364	0.514	0.878
Cal Raleigh	SEA	C	26	119	370	46	78	20	1	27	63	1	0	38	122	0	5	2	0.211	0.284	0.489	0.773
Victor Robles	WAS	OF	25	132	366	42	82	10	2	6	33	15	4	17	104	11	4	9	0.224	0.273	0.311	0.584
Willi Castro	DET	2B	25	112	365	47	88	18	2	8	31	9	4	15	82	1	3	8	0.241	0.284	0.367	0.651
Oscar Gonzalez	CLE	OF	25	91	362	39	107	27	0	11	43	1	2	15	75	0	2	3	0.296	0.327	0.461	0.788
Enrique Hernandez	BOS	OF	31	93	361	48	80	24	0	6	45	0	2	34	71	0	4	3	0.222	0.291	0.338	0.629
Chad Pinder	OAK	OF	30	111	361	38	85	18	0	12	42	2	0	14	118	1	2	0	0.235	0.263	0.385	0.648
Luis Garcia	WAS	2B	22	93	360	29	99	23	2	7	45	3	4	11	84	1	4	1	0.275	0.295	0.408	0.703
Spencer Torkelson	DET	1B	23	110	360	38	73	16	1	8	28	0	1	37	99	0	2	5	0.203	0.285	0.319	0.604
Chas McCormick	HOU	OF	27	119	359	47	88	12	2	14	44	4	3	46	106	0	1	1	0.245	0.332	0.407	0.739
Jon Berti	MIA	2B	33	102	358	47	86	17	3	4	28	41	5	42	89	0	1	3	0.24	0.324	0.338	0.662
Avisail Garcia	MIA	OF	31	98	357	31	80	9	0	8	35	4	0	17	109	0	2	4	0.224	0.266	0.317	0.583
Trevor Story	BOS	2B	30	94	357	53	85	22	0	16	66	13	0	32	122	0	4	3	0.238	0.303	0.434	0.737
Ji-Man Choi	TB	1B	31	113	356	36	83	22	0	11	52	0	0	58	123	0	3	2	0.233	0.341	0.388	0.729
Jean Segura	PHI	2B	32	98	354	45	98	9	0	10	33	13	6	25	58	0	1	7	0.277	0.336	0.387	0.723
Trey Mancini	BAL	1B	30	92	354	39	95	16	1	10	41	0	0	35	86	0	3	9	0.268	0.347	0.404	0.751
Elvis Andrus	OAK	SS	34	106	354	41	84	24	0	8	30	7	4	30	62	0	0	2	0.237	0.301	0.373	0.674
Elias Diaz	COL	C	32	105	351	29	80	18	2	9	51	0	1	25	82	0	3	2	0.228	0.281	0.368	0.649
Brandon Drury	CIN	3B	30	92	350	62	96	22	2	20	59	2	2	29	84	0	2	4	0.274	0.335	0.52	0.855
Joey Wendle	MIA	3B	32	101	347	27	90	24	1	3	32	12	3	15	50	1	3	5	0.259	0.297	0.36	0.657
Andrew Benintendi	KC	OF	28	93	347	40	111	14	2	3	39	4	2	39	52	0	3	1	0.32	0.387	0.398	0.785
Austin Nola	SD	C	33	110	347	40	87	15	0	4	40	2	1	34	60	1	9	6	0.251	0.321	0.329	0.65
Jacob Stallings	MIA	C	33	114	346	25	77	12	0	4	34	0	1	29	83	1	2	6	0.223	0.292	0.292	0.584
Ramon Laureano	OAK	OF	28	94	346	49	73	18	0	13	34	11	6	25	104	0	0	12	0.211	0.287	0.376	0.663
Martin Maldonado	HOU	C	36	113	344	40	64	12	0	15	45	0	0	22	116	4	2	7	0.186	0.248	0.352	0.6
Juan Soto	WAS	OF	24	101	342	62	84	17	1	21	46	6	2	91	62	0	0	3	0.246	0.408	0.485	0.893
Tommy Pham	CIN	OF	35	91	340	57	81	11	1	11	39	7	2	42	100	0	4	1	0.238	0.32	0.374	0.694
Byron Buxton	MIN	OF	29	92	340	61	76	13	3	28	51	6	0	34	116	0	1	7	0.224	0.306	0.526	0.832
Brian Anderson	MIA	3B	29	98	338	43	75	16	1	8	28	1	0	37	101	0	1	7	0.222	0.311	0.346	0.657
Manuel Margot	TB	OF	28	89	336	36	92	18	2	4	47	7	3	24	68	0	1	2	0.274	0.325	0.375	0.7
Eric Hosmer	SD	1B	33	90	335	32	91	16	0	8	40	0	0	33	55	0	1	0	0.272	0.336	0.391	0.727
Jose Trevino	NYY	C	30	115	335	39	83	12	1	11	43	2	1	15	62	0	1	2	0.248	0.283	0.388	0.671
William Contreras	ATL	C	25	97	334	51	93	14	1	20	45	2	0	39	104	0	2	1	0.278	0.354	0.506	0.86
Tyler O'Neill	STL	OF	27	96	334	56	76	11	1	14	58	14	4	38	103	0	7	4	0.228	0.308	0.392	0.7
Max Stassi	LAA	C	31	102	333	32	60	12	1	9	30	0	0	38	112	1	1	2	0.18	0.267	0.303	0.57
Tim Anderson	CWS	SS	29	79	332	50	100	13	0	6	25	13	0	14	55	0	0	5	0.301	0.339	0.395	0.734
Isaac Paredes	TB	3B	24	111	331	48	68	16	0	20	45	0	1	44	67	0	2	4	0.205	0.304	0.435	0.739
Oneil Cruz	PIT	SS	24	87	331	45	77	13	4	17	54	10	4	28	126	0	1	1	0.233	0.294	0.45	0.744
Bryan De La Cruz	MIA	OF	26	115	329	38	83	20	0	13	43	4	0	19	90	0	4	2	0.252	0.294	0.432	0.726
Yasmani Grandal	CWS	C	34	99	327	15	66	7	0	5	27	1	0	45	79	0	2	2	0.202	0.301	0.269	0.57
Jack Suwinski	PIT	OF	24	106	326	45	66	11	0	19	38	4	2	41	114	0	1	4	0.202	0.298	0.411	0.709
Matt Vierling	PHI	OF	26	117	325	41	80	12	2	6	32	7	4	23	70	0	6	3	0.246	0.297	0.351	0.648
Abraham Toro	SEA	3B	26	109	324	36	60	13	1	10	35	2	0	22	65	0	4	2	0.185	0.239	0.324	0.563
Eric Haase	DET	C	30	110	323	41	82	17	1	14	44	0	0	24	97	0	3	1	0.254	0.305	0.443	0.748
Andrew Velazquez	LAA	SS	28	125	322	37	63	8	0	9	28	17	1	15	119	6	3	3	0.196	0.236	0.304	0.54
Joey Votto	CIN	1B	39	91	322	31	66	18	1	11	41	0	0	44	97	0	0	10	0.205	0.319	0.37	0.689
Jake McCarthy	ARI	OF	25	99	321	53	91	16	3	8	43	23	3	23	76	3	1	6	0.283	0.342	0.427	0.769
Bobby Dalbec	BOS	1B	27	117	317	40	68	9	2	12	39	3	0	29	118	0	4	3	0.215	0.283	0.369	0.652
Carson Kelly	ARI	C	28	104	317	40	67	18	0	7	35	2	0	29	71	0	4	4	0.211	0.282	0.334	0.616
Rafael Ortega	CHC	OF	31	118	316	35	76	14	1	7	35	12	7	44	74	1	7	2	0.241	0.331	0.358	0.689
Victor Reyes	DET	OF	28	92	315	27	80	19	3	3	34	2	2	13	77	0	4	4	0.254	0.289	0.362	0.651
Leody Taveras	TEX	OF	24	99	314	39	82	14	2	5	34	11	5	21	88	1	3	2	0.261	0.309	0.366	0.675
Wander Franco	TB	SS	22	83	314	46	87	20	3	6	33	8	0	26	33	0	4	0	0.277	0.328	0.417	0.745
Jesus Sanchez	MIA	OF	25	98	313	38	67	14	3	13	36	1	0	26	92	0	1	3	0.214	0.28	0.403	0.683
Gilberto Celestino	MIN	OF	24	122	311	30	74	12	1	2	24	4	1	32	77	2	0	2	0.238	0.313	0.302	0.615
Luis Gonzalez	SF	OF	27	98	311	31	79	17	2	4	36	10	2	30	75	0	5	4	0.254	0.323	0.36	0.683
Albert Pujols	STL	1B	43	109	307	42	83	14	0	24	68	1	2	28	55	0	6	10	0.27	0.345	0.55	0.895
Yadiel Hernandez	WAS	OF	35	94	305	30	82	16	0	9	41	2	1	19	74	0	2	1	0.269	0.312	0.41	0.722
Aledmys Diaz	HOU	2B	32	92	305	35	74	13	0	12	38	1	1	18	53	0	2	2	0.243	0.287	0.403	0.69
Leury Garcia	CWS	2B	31	97	300	38	63	8	0	3	20	2	0	7	65	2	3	3	0.21	0.233	0.267	0.5
Nick Allen	OAK	SS	24	100	299	31	62	13	0	4	19	3	2	19	64	6	1	1	0.207	0.256	0.291	0.547
Luke Voit	SD	1B	32	82	298	38	67	18	0	13	48	1	1	39	110	0	4	3	0.225	0.317	0.416	0.733
Luis Guillorme	NYM	2B	28	102	297	33	81	12	1	2	17	1	0	34	46	2	0	2	0.273	0.351	0.34	0.691
Austin Hedges	CLE	C	30	105	294	26	48	4	0	7	30	2	0	25	78	10	3	6	0.163	0.241	0.248	0.489
Christian Vazquez	BOS	C	32	84	294	33	83	20	0	8	42	1	2	18	51	0	3	3	0.282	0.327	0.432	0.759
Eloy Jimenez	CWS	OF	26	84	292	40	86	12	0	16	54	0	0	28	72	0	4	3	0.295	0.358	0.5	0.858
Brandon Marsh	LAA	OF	25	93	292	34	66	9	2	8	37	8	2	22	117	3	3	3	0.226	0.284	0.353	0.637
Lars Nootbaar	STL	OF	25	108	290	53	66	16	3	14	40	4	1	51	71	0	5	1	0.228	0.34	0.448	0.788
Francisco Mejia	TB	C	27	93	289	32	70	22	0	6	31	0	0	7	65	0	1	2	0.242	0.264	0.381	0.645
Kevin Newman	PIT	SS	29	78	288	31	79	18	2	2	24	8	2	16	48	2	1	2	0.274	0.316	0.372	0.688
Jace Peterson	MIL	3B	32	113	288	44	68	14	2	8	34	12	1	33	85	2	3	2	0.236	0.316	0.382	0.698
Adam Duvall	ATL	OF	34	86	287	39	61	16	1	12	36	0	2	21	101	0	2	5	0.213	0.276	0.401	0.677
Tomas Nido	NYM	C	28	98	284	31	68	15	0	3	28	0	0	14	76	12	2	1	0.239	0.276	0.324	0.6
Nolan Gorman	STL	2B	22	89	283	44	64	13	0	14	35	1	0	28	103	0	0	2	0.226	0.3	0.42	0.72
Tucker Barnhart	DET	C	32	94	281	16	62	10	0	1	16	0	0	25	74	1	0	1	0.221	0.287	0.267	0.554
Corey Dickerson	STL	OF	33	97	281	28	75	17	1	6	36	0	0	12	48	0	2	2	0.267	0.3	0.399	0.699
Christian Arroyo	BOS	2B	27	87	280	32	80	16	1	6	36	5	1	13	49	2	2	3	0.286	0.322	0.414	0.736
David Peralta	ARI	OF	35	87	278	29	69	19	2	12	41	1	2	27	74	0	3	2	0.248	0.316	0.46	0.776
Donovan Solano	CIN	2B	35	80	278	22	79	16	0	4	24	0	0	19	61	0	2	5	0.284	0.339	0.385	0.724
Yan Gomes	CHC	C	35	86	277	23	65	12	0	8	31	2	0	8	47	1	4	3	0.235	0.26	0.365	0.625
Austin Slater	SF	OF	30	125	277	49	73	15	2	7	34	12	1	40	89	0	2	6	0.264	0.366	0.408	0.774
Robbie Grossman	DET	OF	33	83	273	24	56	13	1	2	23	3	1	38	90	0	3	6	0.205	0.313	0.282	0.595
Victor Caratini	MIL	C	29	96	272	26	54	12	0	9	34	0	0	31	67	1	1	9	0.199	0.3	0.342	0.642
Jackie Bradley	BOS	OF	32	92	271	21	57	19	1	3	29	2	3	17	58	2	0	0	0.21	0.257	0.321	0.578
Sheldon Neuse	OAK	2B	28	89	271	25	58	4	2	4	26	6	1	20	80	0	0	2	0.214	0.273	0.288	0.561
Frank Schwindel	CHC	1B	30	75	271	23	62	11	0	8	36	0	0	19	58	0	2	0	0.229	0.277	0.358	0.635
Jorge Soler	MIA	OF	31	72	270	32	56	13	0	13	34	0	2	31	90	0	1	3	0.207	0.295	0.4	0.695
Darin Ruf	SF	OF	36	90	268	46	58	9	0	11	38	2	0	40	85	0	1	5	0.216	0.328	0.373	0.701
Jo Adell	LAA	OF	23	88	268	22	60	12	2	8	27	4	2	11	107	0	1	4	0.224	0.264	0.373	0.637
Evan Longoria	SF	3B	37	89	266	31	65	13	0	14	42	0	0	27	83	0	3	2	0.244	0.315	0.451	0.766
Franmil Reyes	CLE	DH	27	70	263	24	56	9	0	9	28	2	0	14	104	0	2	1	0.213	0.254	0.35	0.604
Omar Narvaez	MIL	C	31	84	262	21	54	12	1	4	23	0	0	29	57	1	1	3	0.206	0.292	0.305	0.597
Diego Castillo	PIT	SS	25	96	262	28	54	13	0	11	29	1	1	14	75	0	4	3	0.206	0.251	0.382	0.633
Yadier Molina	STL	C	40	80	262	19	56	8	0	5	24	2	0	5	40	0	1	2	0.214	0.233	0.302	0.535
Joey Bart	SF	C	26	97	261	34	56	6	0	11	25	2	1	26	112	0	0	4	0.215	0.296	0.364	0.66
Wil Myers	SD	OF	32	77	261	29	68	15	0	7	41	2	1	21	86	0	3	1	0.261	0.315	0.398	0.713
Andrew Knizner	STL	C	28	97	260	28	56	10	0	4	25	0	1	26	62	1	0	6	0.215	0.301	0.3	0.601
Aristides Aquino	CIN	OF	28	80	259	24	51	13	0	10	30	2	3	17	101	0	0	0	0.197	0.246	0.363	0.609
Vinnie Pasquantino	KC	1B	25	72	258	25	76	10	0	10	26	1	0	35	34	0	2	3	0.295	0.383	0.45	0.833
Cavan Biggio	TOR	2B	27	97	257	43	52	18	1	6	24	2	0	38	85	1	1	6	0.202	0.318	0.35	0.668
Jorge Alfaro	SD	C	29	82	256	25	63	14	0	7	40	1	0	11	98	0	3	4	0.246	0.285	0.383	0.668
Kyle Isbel	KC	OF	26	106	256	32	54	10	4	5	28	9	6	16	75	1	2	3	0.211	0.264	0.34	0.604
Carlos Santana	SEA	1B	36	79	255	35	49	8	0	15	39	0	0	35	60	0	2	2	0.192	0.293	0.4	0.693
Brandon Belt	SF	1B	34	78	254	25	54	9	1	8	23	1	0	37	81	0	1	6	0.213	0.326	0.35	0.676
Juan Yepez	STL	OF	25	76	253	27	64	13	0	12	30	0	0	16	61	0	4	1	0.253	0.296	0.447	0.743
Rodolfo Castro	PIT	2B	23	71	253	25	59	8	4	11	27	5	3	22	74	0	1	2	0.233	0.299	0.427	0.726
Mike Moustakas	CIN	3B	34	78	252	30	54	12	0	7	25	2	0	24	75	0	3	6	0.214	0.295	0.345	0.64
Alfonso Rivas	CHC	1B	26	101	251	27	59	5	2	3	25	6	1	29	87	1	2	4	0.235	0.322	0.307	0.629
Eddie Rosario	ATL	OF	31	80	250	27	53	12	1	5	24	3	0	17	68	0	3	0	0.212	0.259	0.328	0.587
Ozzie Albies	ATL	2B	26	64	247	36	61	16	0	8	35	3	5	16	47	0	4	2	0.247	0.294	0.409	0.703
Harrison Bader	STL	OF	28	72	246	35	63	7	3	5	21	15	2	13	47	0	1	4	0.256	0.303	0.37	0.673
Adam Engel	CWS	OF	31	119	245	32	55	13	1	2	17	12	4	11	76	0	0	4	0.224	0.269	0.31	0.579
Pavin Smith	ARI	OF	27	75	245	24	54	9	0	9	33	1	0	28	67	0	3	1	0.22	0.3	0.367	0.667
Matt Reynolds	CIN	3B	32	92	244	31	60	10	1	3	23	5	0	26	78	0	1	1	0.246	0.32	0.332	0.652
Michael Brantley	HOU	OF	35	64	243	28	70	14	1	5	26	1	1	31	30	1	1	1	0.288	0.37	0.416	0.786
Franchy Cordero	BOS	OF	28	84	242	36	53	17	1	8	29	4	1	28	92	2	2	1	0.219	0.3	0.397	0.697
Cristian Pache	OAK	OF	24	91	241	18	40	5	2	3	18	2	2	15	70	3	0	1	0.166	0.218	0.241	0.459
Daniel Vogelbach	PIT	DH	30	75	237	29	54	10	1	12	34	0	0	40	67	0	1	0	0.228	0.338	0.43	0.768
Brandon Lowe	TB	2B	28	65	235	31	52	10	2	8	25	1	0	27	61	0	1	3	0.221	0.308	0.383	0.691
Keston Hiura	MIL	1B	26	80	234	34	53	8	1	14	32	5	2	23	111	0	1	8	0.226	0.316	0.449	0.765
Joey Gallo	NYY	OF	29	82	233	32	37	4	1	12	24	2	0	40	106	0	0	0	0.159	0.282	0.339	0.621
Kyle Higashioka	NYY	C	32	83	229	27	52	7	0	10	31	0	1	12	52	2	4	1	0.227	0.264	0.389	0.653
Matt Duffy	LAA	3B	32	77	228	14	57	8	0	2	16	0	0	17	50	0	0	2	0.25	0.308	0.311	0.619
TJ Friedl	CIN	OF	27	72	225	33	54	10	5	8	25	7	2	20	40	0	6	7	0.24	0.314	0.436	0.75
Mitch Haniger	SEA	OF	32	57	224	31	55	8	0	11	34	0	0	20	65	0	2	1	0.246	0.308	0.429	0.737
Vimael Machin	OAK	3B	29	73	223	26	49	12	0	1	13	1	1	25	47	0	3	2	0.22	0.3	0.287	0.587
Joey Meneses	WAS	1B	30	56	222	33	72	14	0	13	34	1	0	15	52	0	2	1	0.324	0.367	0.563	0.93
Brad Miller	TEX	OF	33	81	222	20	47	3	0	7	32	4	2	18	70	0	1	0	0.212	0.27	0.32	0.59
LaMonte Wade	SF	OF	29	77	217	29	45	7	1	8	26	1	0	26	51	2	1	5	0.207	0.305	0.359	0.664
Nick Fortes	MIA	C	26	72	217	41	50	6	1	9	24	5	3	18	45	0	0	5	0.23	0.304	0.392	0.696
Jake Fraley	CIN	OF	27	68	216	33	56	9	0	12	28	4	1	26	54	0	2	3	0.259	0.344	0.468	0.812
David Fletcher	LAA	2B	28	61	216	20	55	9	1	2	17	1	0	7	16	2	0	3	0.255	0.288	0.333	0.621
Danny Jansen	TOR	C	27	72	215	34	56	10	0	15	44	1	0	25	44	0	5	3	0.26	0.339	0.516	0.855
Albert Almora	CIN	OF	28	64	215	26	48	10	1	5	29	3	2	17	46	1	1	1	0.223	0.282	0.349	0.631
Tommy Pham	BOS	OF	35	53	214	32	50	12	0	6	24	1	1	14	67	0	1	6	0.234	0.298	0.374	0.672
Didi Gregorius	PHI	SS	33	63	214	17	45	9	4	1	19	1	0	13	36	0	2	3	0.21	0.263	0.304	0.567
Jazz Chisholm	MIA	2B	25	60	213	39	54	10	4	14	45	12	5	21	66	0	3	3	0.254	0.325	0.535	0.86
Josh Smith	TEX	OF	25	73	213	23	42	5	0	2	16	4	3	28	50	2	3	7	0.197	0.307	0.249	0.556
Ryan Jeffers	MIN	C	25	67	212	25	44	10	1	7	27	0	0	23	62	1	0	0	0.208	0.285	0.363	0.648
Cal Mitchell	PIT	OF	24	69	212	21	48	11	0	5	17	3	1	18	52	1	1	0	0.226	0.286	0.349	0.635
Paul DeJong	STL	SS	29	77	210	19	33	9	0	6	25	3	2	21	79	0	2	4	0.157	0.245	0.286	0.531
Orlando Arcia	ATL	2B	28	68	209	25	51	9	0	9	30	0	0	21	51	0	2	2	0.244	0.316	0.416	0.732
Nick Madrigal	CHC	2B	26	59	209	19	52	7	0	0	7	3	1	14	27	2	0	3	0.249	0.305	0.282	0.587
Ezequiel Duran	TEX	3B	23	58	208	25	49	10	1	5	25	4	1	12	54	0	0	0	0.236	0.277	0.365	0.642
Kevin Kiermaier	TB	OF	32	63	206	28	47	8	0	7	22	6	1	14	61	0	0	1	0.228	0.281	0.369	0.65
Trayce Thompson	LAD	OF	31	74	205	35	55	14	1	13	39	4	0	30	86	0	2	2	0.268	0.364	0.537	0.901
Jordan Luplow	ARI	OF	29	83	205	26	36	5	0	11	28	5	1	25	60	0	1	3	0.176	0.274	0.361	0.635
Dylan Moore	SEA	OF	30	104	205	41	46	11	2	6	24	21	8	34	75	1	1	13	0.224	0.368	0.385	0.753
JJ Bleday	MIA	OF	25	65	204	21	34	10	2	5	16	4	1	30	67	0	2	2	0.167	0.277	0.309	0.586
Jarren Duran	BOS	OF	26	58	204	23	45	14	3	3	17	7	1	14	63	0	1	4	0.221	0.283	0.363	0.646
Luke Voit	WAS	1B	32	53	202	17	46	4	0	9	21	0	0	16	69	0	2	4	0.228	0.295	0.381	0.676
Jose Azocar	SD	OF	26	98	202	24	52	9	3	0	10	5	6	12	44	1	1	0	0.257	0.298	0.332	0.63
Akil Baddoo	DET	OF	24	73	201	30	41	3	2	2	9	9	6	24	64	0	0	0	0.204	0.289	0.269	0.558
P.J. Higgins	CHC	C	29	74	201	23	46	11	1	6	30	0	0	22	58	3	1	2	0.229	0.31	0.383	0.693
Garrett Hampson	COL	2B	28	90	199	29	42	7	3	2	15	12	2	21	63	3	2	1	0.211	0.287	0.307	0.594
Emmanuel Rivera	KC	3B	26	63	198	24	47	8	3	6	22	0	0	11	46	0	0	2	0.237	0.284	0.399	0.683
Mauricio Dubon	HOU	OF	28	83	197	21	41	8	0	3	16	2	3	12	26	3	3	1	0.208	0.254	0.294	0.548
Robinson Chirinos	BAL	C	38	67	195	10	35	9	0	4	22	1	0	19	67	1	1	4	0.179	0.265	0.287	0.552
Mitch Garver	TEX	DH	32	54	188	23	39	7	0	10	24	1	1	23	53	0	2	2	0.207	0.298	0.404	0.702
Tyler Naquin	CIN	OF	31	56	187	29	46	12	2	7	33	3	2	13	53	1	0	3	0.246	0.305	0.444	0.749
Brian Serven	COL	C	27	62	187	19	38	4	1	6	16	0	0	13	44	2	1	2	0.203	0.261	0.332	0.593
Ildemaro Vargas	WAS	3B	31	53	186	15	52	13	0	3	19	3	1	5	21	1	1	3	0.28	0.308	0.398	0.706
Odubel Herrera	PHI	OF	31	62	185	23	44	9	1	5	21	6	0	11	42	0	1	0	0.238	0.279	0.378	0.657
Nelson Velazquez	CHC	OF	24	77	185	20	38	7	3	6	26	5	2	19	65	0	0	2	0.205	0.286	0.373	0.659
Marwin Gonzalez	NYY	2B	33	86	184	20	34	7	0	6	18	3	0	14	54	3	2	4	0.185	0.255	0.321	0.576
Brett Phillips	TB	OF	28	75	184	21	27	4	0	5	14	7	0	16	85	4	1	3	0.147	0.225	0.25	0.475
Juan Soto	SD	OF	24	52	182	31	43	8	1	6	16	0	0	44	34	0	0	1	0.236	0.388	0.39	0.778
Luke Maile	CLE	C	32	76	181	19	40	10	0	3	17	0	0	19	54	0	3	3	0.221	0.301	0.326	0.627
Josh Lowe	TB	OF	25	52	181	24	40	12	2	2	13	3	0	15	66	1	0	1	0.221	0.284	0.343	0.627
J.D. Davis	NYM	3B	29	66	181	26	43	8	1	4	21	1	1	20	66	0	2	4	0.238	0.324	0.359	0.683
Elvis Andrus	CWS	SS	34	43	181	25	49	8	0	9	28	11	0	9	30	0	0	1	0.271	0.309	0.464	0.773
Tommy La Stella	SF	DH	34	60	180	17	43	14	0	2	14	0	0	11	30	0	3	1	0.239	0.282	0.35	0.632
Austin Barnes	LAD	C	33	62	179	31	38	6	0	8	26	2	1	27	37	2	1	3	0.212	0.324	0.38	0.704
Seby Zavala	CWS	C	29	61	178	22	48	14	0	2	21	0	0	19	64	3	2	3	0.27	0.347	0.382	0.729
Josh Bell	SD	1B	30	53	177	26	34	5	0	3	14	0	0	32	41	0	0	0	0.192	0.316	0.271	0.587
Sam Haggerty	SEA	OF	28	83	176	29	45	9	1	5	23	13	1	18	53	1	2	4	0.256	0.335	0.403	0.738
Elehuris Montero	COL	3B	24	53	176	21	41	15	1	6	20	0	0	8	60	0	0	1	0.233	0.27	0.432	0.702
Cooper Hummel	ARI	OF	28	66	176	20	31	8	3	3	17	4	1	23	64	0	1	1	0.176	0.274	0.307	0.581
Carlos Santana	KC	1B	36	52	176	17	38	10	0	4	21	0	0	36	28	0	0	0	0.216	0.349	0.341	0.69
Franmil Reyes	CHC	DH	27	48	175	19	41	8	2	5	19	0	1	16	53	0	1	1	0.234	0.301	0.389	0.69
James McCann	NYM	C	32	61	174	19	34	6	0	3	18	3	0	11	46	0	2	4	0.195	0.257	0.282	0.539
Sam Hilliard	COL	OF	29	70	174	26	32	6	1	2	14	5	1	23	57	0	2	1	0.184	0.28	0.264	0.544
Michael Massey	KC	2B	24	52	173	16	42	9	1	4	17	3	0	9	46	2	2	8	0.243	0.307	0.376	0.683
Josh VanMeter	PIT	2B	28	67	171	15	32	5	2	3	14	4	0	19	45	0	2	0	0.187	0.266	0.292	0.558
Sergio Alcantara	ARI	SS	26	71	170	23	41	8	1	6	26	1	0	10	45	2	3	1	0.241	0.283	0.406	0.689
Bubba Thompson	TEX	OF	24	55	170	18	45	5	0	1	9	18	3	7	56	2	0	2	0.265	0.302	0.312	0.614
Yoshi Tsutsugo	PIT	1B	31	50	170	11	29	4	0	2	19	0	0	19	50	0	4	0	0.171	0.249	0.229	0.478
Christian Bethancourt	OAK	C	31	56	169	23	42	11	0	4	19	4	1	10	41	1	0	2	0.249	0.298	0.385	0.683
Stephen Vogt	OAK	C	38	70	168	18	27	4	1	7	23	1	0	17	46	0	4	2	0.161	0.241	0.321	0.562
Brandon Drury	SD	3B	30	46	168	25	40	9	0	8	28	0	1	9	42	0	2	4	0.238	0.29	0.435	0.725
Jake Burger	CWS	3B	26	51	168	20	42	9	1	8	26	0	0	10	56	1	1	3	0.25	0.302	0.458	0.76
Jed Lowrie	OAK	2B	38	50	167	14	30	5	0	3	16	1	0	15	39	0	2	0	0.18	0.245	0.263	0.508
Jose Siri	TB	OF	27	56	166	35	40	9	0	4	14	8	1	11	60	0	0	1	0.241	0.292	0.367	0.659
Tyler Stephenson	CIN	C	26	50	166	24	53	9	0	6	35	1	0	12	47	0	2	3	0.319	0.372	0.482	0.854
Anthony Rendon	LAA	3B	32	47	166	15	38	10	0	5	24	2	0	23	35	0	2	2	0.229	0.326	0.38	0.706
Trey Mancini	HOU	1B	30	51	165	17	29	7	0	8	22	0	0	18	49	0	2	1	0.176	0.258	0.364	0.622
Jose Barrero	CIN	SS	24	48	165	13	25	3	0	2	10	4	1	9	76	0	0	0	0.152	0.195	0.206	0.401
Jake Cave	MIN	OF	30	54	164	17	35	7	3	5	20	2	0	11	49	0	2	0	0.213	0.26	0.384	0.644
Jarred Kelenic	SEA	OF	23	54	163	20	23	5	1	7	17	5	2	16	61	0	1	1	0.141	0.221	0.313	0.534
Austin Wynns	SF	C	32	66	162	14	42	7	0	3	21	0	0	10	38	1	1	3	0.259	0.313	0.358	0.671
Jonah Bride	OAK	2B	27	58	162	17	33	4	0	1	6	1	0	19	32	1	1	4	0.204	0.301	0.247	0.548
Edward Olivares	KC	OF	27	53	161	24	46	8	0	4	15	2	3	10	36	0	1	2	0.286	0.333	0.41	0.743
David Peralta	TB	OF	35	47	161	10	41	11	1	0	18	0	1	14	40	0	3	2	0.255	0.317	0.335	0.652
Lewin Diaz	MIA	1B	26	58	160	12	27	4	0	5	11	1	0	11	54	0	2	1	0.169	0.224	0.288	0.512
Kris Bryant	COL	OF	31	42	160	28	49	12	0	5	14	0	0	17	27	0	2	2	0.306	0.376	0.475	0.851
Trevor Larnach	MIN	OF	26	51	160	22	37	13	0	5	18	0	0	18	57	0	2	0	0.231	0.306	0.406	0.712
Tucupita Marcano	PIT	OF	23	49	160	18	33	6	2	2	13	2	1	10	44	5	1	1	0.206	0.256	0.306	0.562
CJ Abrams	WAS	SS	22	44	159	17	41	7	2	0	10	6	2	1	23	0	0	3	0.258	0.276	0.327	0.603
Nomar Mazara	SD	OF	27	55	159	16	42	8	0	2	18	0	0	10	40	0	0	2	0.264	0.316	0.352	0.668
Nick Pratto	KC	1B	24	49	158	18	29	9	1	7	20	0	0	19	66	1	3	1	0.184	0.271	0.386	0.657
Tyler Nevin	BAL	3B	25	58	157	17	31	4	0	2	16	0	0	20	46	0	3	4	0.197	0.299	0.261	0.56
Kevin Plawecki	BOS	C	32	61	157	15	34	8	0	1	12	0	0	14	28	1	1	2	0.217	0.287	0.287	0.574
Hanser Alberto	LAD	2B	30	73	156	13	38	9	2	2	15	0	1	3	25	0	0	0	0.244	0.258	0.365	0.623
Ryan McKenna	BAL	OF	26	105	156	23	37	10	0	2	11	2	1	11	55	2	1	2	0.237	0.294	0.34	0.634
Charles Leblanc	MIA	3B	26	48	156	18	41	10	0	4	11	4	2	12	53	0	0	1	0.263	0.32	0.404	0.724
David Villar	SF	3B	26	52	156	21	36	6	1	9	24	0	1	18	58	0	1	6	0.231	0.331	0.455	0.786
Zach McKinstry	CHC	2B	27	47	155	17	32	6	3	4	12	7	0	13	48	2	0	1	0.206	0.272	0.361	0.633
Jason Delay	PIT	C	28	57	155	17	33	6	0	1	11	0	2	9	50	1	0	2	0.213	0.265	0.271	0.536
Oswaldo Cabrera	NYY	OF	24	44	154	21	38	8	1	6	19	3	2	15	44	1	1	0	0.247	0.312	0.429	0.741
Rob Refsnyder	BOS	OF	31	57	153	25	47	11	0	6	21	1	1	15	46	0	3	6	0.307	0.384	0.497	0.881
Jonathan Villar	CHC	3B	31	46	153	19	34	6	2	2	15	6	0	11	42	0	2	0	0.222	0.271	0.327	0.598
Johan Camargo	PHI	2B	29	52	152	8	36	3	0	3	15	0	0	13	37	1	0	0	0.237	0.297	0.316	0.613
Luis Torrens	SEA	C	26	57	151	13	34	2	0	3	15	0	0	12	50	0	2	1	0.225	0.283	0.298	0.581
Reese McGuire	CWS	C	28	53	151	12	34	9	0	0	10	0	0	6	33	5	2	2	0.225	0.261	0.285	0.546
Jake Meyers	HOU	OF	26	52	150	13	34	6	2	1	15	2	1	7	54	0	1	2	0.227	0.269	0.313	0.582
Kyle Garlick	MIN	OF	31	66	150	23	35	3	0	9	18	0	0	8	48	0	1	3	0.233	0.284	0.433	0.717
Christian Bethancourt	TB	C	31	45	149	16	38	6	0	7	15	1	0	2	39	0	0	0	0.255	0.265	0.436	0.701
Daniel Vogelbach	NYM	DH	30	55	149	18	38	9	0	6	25	0	0	33	47	0	0	1	0.255	0.393	0.436	0.829
Vidal Brujan	TB	2B	25	52	147	13	24	5	0	3	16	5	5	12	37	0	2	1	0.163	0.228	0.259	0.487
Tyler Wade	LAA	3B	28	67	147	22	32	5	0	1	8	8	5	10	33	5	0	1	0.218	0.272	0.272	0.544
Ernie Clement	CLE	2B	26	64	145	18	29	3	0	0	6	0	1	11	24	2	1	2	0.2	0.264	0.221	0.485
Alejo Lopez	CIN	2B	26	61	145	15	38	5	1	1	10	3	1	9	21	0	0	2	0.262	0.314	0.331	0.645
Lorenzo Cain	MIL	OF	36	43	145	17	26	5	0	1	9	2	2	8	36	0	1	2	0.179	0.231	0.234	0.465
Alex Kirilloff	MIN	OF	25	45	144	14	36	7	0	3	21	0	0	5	36	0	2	4	0.25	0.29	0.361	0.651
Riley Adams	WAS	C	26	48	142	14	25	4	0	5	10	0	1	12	46	0	0	1	0.176	0.245	0.31	0.555
Tyler Heineman	PIT	C	31	52	142	14	30	6	0	0	8	1	0	8	13	3	0	5	0.211	0.277	0.254	0.531
Shea Langeliers	OAK	DH	25	40	142	14	31	10	1	6	22	0	0	9	53	0	2	0	0.218	0.261	0.43	0.691
Mike Brosseau	MIL	3B	28	70	141	15	36	5	0	6	23	2	0	14	48	0	0	5	0.255	0.344	0.418	0.762
Vaughn Grissom	ATL	2B	22	41	141	24	41	6	0	5	18	5	2	11	34	0	1	3	0.291	0.353	0.44	0.793
Kurt Suzuki	LAA	C	39	51	139	10	25	4	0	4	15	0	0	15	29	1	2	2	0.18	0.266	0.295	0.561
Kevin Smith	OAK	3B	26	47	139	9	25	9	1	2	13	4	0	7	42	3	2	0	0.18	0.216	0.302	0.518
Robbie Grossman	ATL	OF	33	46	138	16	30	6	0	5	22	3	1	18	39	0	1	0	0.217	0.306	0.37	0.676
J.D. Davis	SF	3B	29	49	137	20	36	8	0	8	14	0	0	19	56	0	0	2	0.263	0.361	0.496	0.857
Jason Heyward	CHC	OF	33	48	137	15	28	5	1	1	10	1	0	11	32	0	0	3	0.204	0.278	0.277	0.555
Darick Hall	PHI	DH	27	42	136	19	34	8	1	9	16	0	0	5	44	0	0	1	0.25	0.282	0.522	0.804
Jose Siri	HOU	OF	27	48	135	18	24	4	2	3	10	6	1	9	48	0	1	2	0.178	0.238	0.304	0.542
Ryan O'Hearn	KC	1B	29	67	134	14	32	6	1	1	16	0	0	8	35	0	1	2	0.239	0.29	0.321	0.611
Dominic Smith	NYM	1B	27	58	134	11	26	10	1	0	17	0	0	12	37	0	2	4	0.194	0.276	0.284	0.56
Brandon Marsh	PHI	OF	25	41	132	15	38	9	2	3	15	2	2	6	41	0	0	0	0.288	0.319	0.455	0.774
Emmanuel Rivera	ARI	3B	26	39	132	22	30	8	0	6	18	1	2	12	37	0	1	3	0.227	0.304	0.424	0.728
Austin Meadows	DET	OF	27	36	128	9	32	6	2	0	11	0	1	16	17	0	0	3	0.25	0.347	0.328	0.675
Matt Carpenter	NYY	DH	37	47	128	28	39	9	0	15	37	0	0	19	35	1	1	5	0.305	0.412	0.727	1.139
Stephen Piscotty	OAK	OF	32	42	126	12	24	4	0	5	14	2	0	9	48	0	2	2	0.19	0.252	0.341	0.593
CJ Abrams	SD	SS	22	46	125	16	29	5	0	2	11	1	2	4	27	2	2	6	0.232	0.285	0.32	0.605
Alcides Escobar	WAS	SS	36	42	124	12	27	4	2	0	8	1	1	5	32	0	0	2	0.218	0.26	0.282	0.542
Tyler Naquin	NYM	OF	31	49	123	18	25	7	2	4	13	1	0	6	40	0	0	1	0.203	0.246	0.39	0.636
Edmundo Sosa	STL	SS	27	53	122	17	23	4	3	0	8	3	1	4	38	0	0	5	0.189	0.244	0.27	0.514
Whit Merrifield	TOR	2B	34	44	121	19	34	5	0	5	16	1	2	8	24	0	1	0	0.281	0.323	0.446	0.769
Sam Huff	TEX	C	25	44	121	9	29	4	0	4	10	1	0	11	42	0	0	0	0.24	0.303	0.372	0.675
Oscar Mercado	CLE	OF	28	54	120	17	25	6	1	4	16	2	2	5	28	0	1	1	0.208	0.244	0.375	0.619
Andy Ibanez	TEX	2B	29	40	119	13	26	4	0	1	9	3	0	9	21	0	0	0	0.218	0.273	0.277	0.55
Greg Allen	PIT	OF	29	46	118	17	22	4	0	2	8	8	2	10	42	3	1	2	0.186	0.26	0.271	0.531
Alan Trejo	COL	SS	26	35	118	15	32	6	0	4	17	1	2	5	31	0	0	2	0.271	0.312	0.424	0.736
Kody Clemens	DET	3B	26	57	117	13	17	4	0	5	17	1	0	8	33	0	2	0	0.145	0.197	0.308	0.505
Joey Gallo	LAD	OF	29	44	117	16	19	4	1	7	23	1	0	16	57	0	1	3	0.162	0.277	0.393	0.67
Dermis Garcia	OAK	1B	25	39	116	13	24	6	0	5	20	0	0	8	55	0	0	1	0.207	0.264	0.388	0.652
David Bote	CHC	2B	29	41	116	15	30	8	0	4	12	1	0	6	45	0	1	4	0.259	0.315	0.431	0.746
Gunnar Henderson	BAL	3B	21	34	116	12	30	7	1	4	18	1	1	16	34	0	0	0	0.259	0.348	0.44	0.788
Luke Williams	MIA	OF	26	71	115	20	27	4	1	1	3	11	4	9	40	0	0	0	0.235	0.29	0.313	0.603
Mike Zunino	TB	C	31	36	115	7	17	3	0	5	16	0	0	6	46	0	1	1	0.148	0.195	0.304	0.499
Charlie Culberson	TEX	3B	33	70	115	19	29	6	0	2	12	2	3	5	31	4	0	0	0.252	0.283	0.357	0.64
Andrew Benintendi	NYY	OF	28	33	114	14	29	9	1	2	12	4	1	13	25	1	2	1	0.254	0.331	0.404	0.735
Bligh Madris	PIT	OF	27	39	113	10	20	7	0	1	7	2	1	10	31	0	0	0	0.177	0.244	0.265	0.509
Richie Palacios	CLE	OF	25	54	112	7	26	6	0	0	10	2	0	9	20	0	1	1	0.232	0.293	0.286	0.579
Seth Beer	ARI	DH	26	38	111	4	21	3	0	1	9	0	0	11	31	0	1	3	0.189	0.278	0.243	0.521
Michael Toglia	COL	OF	24	31	111	10	24	8	2	2	12	1	1	9	44	0	0	0	0.216	0.275	0.378	0.653
Jose Herrera	ARI	C	26	47	111	9	21	2	0	0	5	0	0	9	34	4	0	0	0.189	0.25	0.207	0.457
Colin Moran	CIN	1B	30	42	109	11	23	3	0	5	23	0	0	16	30	0	3	0	0.211	0.305	0.376	0.681
Aramis Garcia	CIN	C	30	47	108	6	23	2	0	1	4	0	1	3	34	2	0	2	0.213	0.248	0.259	0.507
Curt Casali	SF	C	34	41	108	13	25	3	0	4	14	0	0	15	36	0	2	1	0.231	0.325	0.37	0.695
Michael Perez	PIT	C	30	39	107	8	16	0	0	6	11	1	0	8	26	1	0	0	0.15	0.209	0.318	0.527
Garrett Stubbs	PHI	C	29	50	106	19	28	4	1	5	16	2	0	14	30	1	0	0	0.264	0.35	0.462	0.812
Skye Bolt	OAK	OF	29	42	106	10	21	2	0	4	13	5	0	7	30	0	1	2	0.198	0.259	0.33	0.589
Nate Eaton	KC	OF	26	44	106	16	28	4	3	1	12	11	1	10	30	1	3	2	0.264	0.331	0.387	0.718
Romy Gonzalez	CWS	2B	26	32	105	15	25	4	1	2	11	0	1	2	39	0	1	1	0.238	0.257	0.352	0.609
Eli White	TEX	OF	28	47	105	16	21	2	0	3	10	12	1	11	41	0	1	0	0.2	0.274	0.305	0.579
Corbin Carroll	ARI	OF	22	32	104	13	27	9	2	4	14	2	1	8	31	0	0	3	0.26	0.33	0.5	0.83
Christian Vazquez	HOU	C	32	35	104	8	26	3	0	1	10	0	2	4	18	0	0	0	0.25	0.278	0.308	0.586
Kerry Carpenter	DET	OF	25	31	103	16	26	4	1	6	10	0	0	6	32	0	1	3	0.252	0.31	0.485	0.795
Taylor Trammell	SEA	OF	25	43	102	15	20	9	0	4	10	2	1	13	33	1	1	0	0.196	0.284	0.402	0.686
Alex Call	WAS	OF	28	35	102	16	25	3	1	5	13	3	3	11	26	0	0	2	0.245	0.33	0.441	0.771
Jason Vosler	SF	3B	29	36	98	14	26	6	1	4	12	1	1	10	29	0	1	2	0.265	0.342	0.469	0.811
Reese McGuire	BOS	C	28	36	98	13	33	5	1	3	12	1	0	6	23	1	1	1	0.337	0.377	0.5	0.877
Josh Jung	TEX	3B	25	26	98	9	20	4	1	5	14	2	0	4	39	0	0	0	0.204	0.235	0.418	0.653
Danny Mendick	CWS	SS	29	31	97	22	28	4	1	3	15	1	0	7	23	1	0	1	0.289	0.343	0.443	0.786
Yu Chang	TB	3B	27	36	96	11	25	3	0	3	12	0	0	7	27	0	2	0	0.26	0.305	0.385	0.69
Drew Waters	KC	OF	24	32	96	14	23	6	1	5	18	0	0	12	40	0	0	0	0.24	0.324	0.479	0.803
Miguel Andujar	NYY	OF	28	27	96	9	22	2	0	1	8	4	0	3	22	0	1	0	0.229	0.25	0.281	0.531
Austin Romine	CIN	C	34	37	95	8	14	2	0	3	9	0	0	2	36	1	0	1	0.147	0.173	0.263	0.436
Spencer Steer	CIN	3B	25	28	95	12	20	5	0	2	8	0	1	11	26	0	0	2	0.211	0.306	0.326	0.632
Peyton Burdick	MIA	OF	26	32	92	8	19	4	0	4	11	1	0	8	35	0	0	2	0.207	0.284	0.38	0.664
Kyle Stowers	BAL	OF	25	34	91	11	23	4	1	3	11	0	0	5	29	0	0	2	0.253	0.306	0.418	0.724
Magneuris Sierra	LAA	OF	26	45	91	7	15	1	3	0	5	6	1	4	25	1	0	0	0.165	0.2	0.242	0.442
Mike Ford	LAA	1B	30	28	91	8	21	4	0	3	5	0	0	8	26	0	0	0	0.231	0.293	0.374	0.667
Travis Demeritte	ATL	OF	28	26	89	9	19	2	0	3	6	0	0	6	32	0	1	0	0.213	0.26	0.337	0.597
Bradley Zimmer	TOR	OF	30	100	89	14	9	4	0	2	5	3	2	5	41	1	0	6	0.101	0.2	0.213	0.413
Terrin Vavra	BAL	2B	25	40	89	14	23	2	1	1	12	0	1	12	19	0	2	0	0.258	0.34	0.337	0.677
Stuart Fairchild	CIN	OF	26	38	86	13	24	4	1	5	6	0	2	8	29	0	0	5	0.279	0.374	0.523	0.897
Edwin Rios	LAD	1B	28	27	86	12	21	1	0	7	17	0	1	5	36	0	0	1	0.244	0.293	0.5	0.793
Nolan Jones	CLE	OF	24	28	86	10	21	5	0	2	13	0	0	8	31	0	0	0	0.244	0.309	0.372	0.681
Ehire Adrianza	WAS	OF	33	31	84	5	15	2	0	0	7	1	0	8	22	0	1	1	0.179	0.255	0.202	0.457
Derek Hill	DET	OF	27	31	83	8	19	2	0	1	3	3	0	5	28	3	1	0	0.229	0.27	0.289	0.559
Buddy Kennedy	ARI	3B	24	30	83	10	18	2	2	1	12	0	0	8	23	0	2	1	0.217	0.287	0.325	0.612
Nick Solak	TEX	OF	28	35	82	14	17	1	0	3	4	3	2	7	19	1	0	5	0.207	0.309	0.329	0.638
Michael Papierski	CIN	C	27	34	82	6	13	1	0	1	4	0	0	9	22	2	0	0	0.159	0.242	0.207	0.449
Rene Pinto	TB	C	26	25	80	5	17	3	0	2	10	0	0	2	35	0	0	1	0.213	0.241	0.325	0.566
Jonathan Aranda	TB	2B	24	32	78	10	15	4	0	2	6	0	0	8	23	0	0	1	0.192	0.276	0.321	0.597
Jason Castro	HOU	C	35	34	78	6	9	2	0	1	3	1	0	8	40	0	1	1	0.115	0.205	0.179	0.384
Jerar Encarnacion	MIA	OF	25	23	77	7	14	3	0	3	14	2	0	3	32	0	1	0	0.182	0.21	0.338	0.548
Luis Barrera	OAK	OF	27	32	77	3	18	5	0	1	7	3	0	6	17	0	1	1	0.234	0.294	0.338	0.632
Tyler Freeman	CLE	3B	23	24	77	9	19	3	0	0	3	1	0	4	11	0	1	4	0.247	0.314	0.286	0.6
Jake Marisnick	PIT	OF	31	31	77	9	18	6	0	2	6	2	1	4	24	1	0	0	0.234	0.272	0.39	0.662
Guillermo Heredia	ATL	OF	32	74	76	12	12	3	1	3	8	0	0	6	32	0	0	0	0.158	0.22	0.342	0.562
Stone Garrett	ARI	OF	27	27	76	13	21	8	0	4	10	3	1	3	27	0	1	1	0.276	0.309	0.539	0.848
Donovan Walton	SF	SS	28	24	76	8	12	8	0	1	8	0	0	1	16	0	0	1	0.158	0.179	0.303	0.482
Jonathan Davis	MIL	OF	30	37	76	9	17	1	0	0	4	7	1	14	26	1	0	0	0.224	0.344	0.237	0.581
Triston Casas	BOS	1B	23	27	76	11	15	1	0	5	12	1	0	19	23	0	0	0	0.197	0.358	0.408	0.766
Andrelton Simmons	CHC	SS	33	35	75	8	13	1	0	0	7	4	0	7	13	3	0	0	0.173	0.244	0.187	0.431
Sean Bouchard	COL	OF	26	27	74	9	22	6	0	3	11	0	0	21	25	0	1	1	0.297	0.454	0.5	0.954
Jackie Bradley	TOR	OF	32	40	73	9	13	4	0	1	9	0	0	7	19	0	0	0	0.178	0.25	0.274	0.524
Ryan Kreidler	DET	SS	25	26	73	8	13	1	0	1	6	0	1	6	22	2	2	1	0.178	0.244	0.233	0.477
Yermin Mercedes	SF	DH	30	31	73	9	17	5	0	1	8	0	0	9	17	0	0	1	0.233	0.325	0.342	0.667
Nick Maton	PHI	OF	26	35	72	13	18	2	1	5	17	0	0	10	29	0	2	1	0.25	0.341	0.514	0.855
Zack Collins	TOR	C	28	26	72	7	14	4	0	4	10	0	0	6	31	0	0	1	0.194	0.266	0.417	0.683
Jermaine Palacios	MIN	SS	26	30	70	8	10	0	0	2	6	0	0	4	27	1	2	0	0.143	0.184	0.229	0.413
Jack Mayfield	LAA	3B	32	23	70	8	13	1	1	1	6	1	0	3	17	0	0	1	0.186	0.23	0.271	0.501
Gabriel Moreno	TOR	C	23	25	69	10	22	1	0	1	7	0	0	4	8	0	0	0	0.319	0.356	0.377	0.733
Matt Thaiss	LAA	C	27	29	69	9	15	1	0	2	8	1	0	11	24	0	1	0	0.217	0.321	0.319	0.64
Patrick Mazeika	NYM	C	29	24	68	4	13	4	0	1	6	0	0	2	9	2	0	0	0.191	0.214	0.294	0.508
J.J. Matijevic	HOU	DH	27	32	67	7	14	2	0	2	5	1	0	2	25	0	0	2	0.209	0.254	0.328	0.582
Jake Lamb	LAD	OF	32	25	67	10	16	5	1	2	4	0	1	8	24	0	0	2	0.239	0.338	0.433	0.771
Darin Ruf	NYM	OF	36	29	66	6	10	3	0	0	7	0	0	5	20	0	2	1	0.152	0.216	0.197	0.413
Mark Mathias	TEX	DH	28	24	65	11	18	3	0	5	16	2	0	9	26	0	0	0	0.277	0.365	0.554	0.919
Daz Cameron	DET	OF	26	21	64	6	14	3	1	1	8	2	0	5	20	0	0	1	0.219	0.286	0.344	0.63
Meibrys Viloria	TEX	C	26	26	63	10	10	1	0	2	5	0	0	11	29	0	1	0	0.159	0.28	0.27	0.55
Cole Tucker	PIT	OF	26	18	63	3	11	1	1	0	2	1	0	0	25	0	0	0	0.175	0.175	0.222	0.397
Garrett Mitchell	MIL	OF	24	28	61	9	19	3	0	2	9	8	0	6	28	1	0	0	0.311	0.373	0.459	0.832
Michael Hermosillo	CHC	OF	28	31	61	7	7	2	0	0	4	1	0	7	27	1	0	4	0.115	0.25	0.148	0.398
Luke Raley	TB	OF	28	22	61	7	12	2	0	1	4	0	0	7	24	0	1	3	0.197	0.306	0.279	0.585
Jordan Groshans	MIA	3B	23	17	61	9	16	0	0	1	2	0	0	4	13	0	0	0	0.262	0.308	0.311	0.619
Michael Stefanic	LAA	2B	27	25	61	5	12	2	0	0	0	0	0	5	12	1	0	2	0.197	0.279	0.23	0.509
Cal Stevenson	OAK	OF	26	23	60	5	10	3	0	0	1	1	1	8	23	2	1	0	0.167	0.261	0.217	0.478
Roberto Perez	PIT	C	34	21	60	8	14	2	0	2	8	0	0	9	25	0	0	0	0.233	0.333	0.367	0.7
Mickey Moniak	LAA	OF	24	19	60	9	12	2	1	3	6	1	0	1	25	0	0	1	0.2	0.226	0.417	0.643
Miguel Sano	MIN	1B	29	20	60	1	5	0	0	1	3	1	0	9	25	0	1	1	0.083	0.211	0.133	0.344
Juan Lagares	LAA	OF	33	20	60	4	11	2	1	0	0	0	0	2	15	0	0	0	0.183	0.21	0.25	0.46
Dee Strange-Gordon	WAS	2B	34	23	59	6	18	1	1	0	2	3	2	0	8	0	0	0	0.305	0.305	0.356	0.661
Chuckie Robinson	CIN	C	28	25	59	3	8	2	0	2	5	0	0	0	17	1	0	0	0.136	0.136	0.271	0.407
Mark Contreras	MIN	OF	28	28	58	9	7	1	0	3	6	1	0	1	21	0	1	1	0.121	0.148	0.293	0.441
Matt Wallner	MIN	OF	25	18	57	4	13	3	0	2	10	1	0	6	25	0	0	2	0.228	0.323	0.386	0.709
Yairo Munoz	PHI	OF	28	29	57	7	12	2	0	3	7	1	0	3	10	0	0	0	0.211	0.25	0.404	0.654
Chris Owings	BAL	2B	31	27	56	6	6	2	0	0	0	1	0	10	24	1	0	1	0.107	0.254	0.143	0.397
Sandy Leon	MIN	C	33	25	56	6	10	3	0	0	4	0	0	7	23	2	0	0	0.179	0.27	0.232	0.502
Kyle Lewis	SEA	DH	27	18	56	6	8	0	0	3	5	0	0	5	19	0	0	1	0.143	0.226	0.304	0.53
Jose Rojas	LAA	OF	30	22	56	1	7	2	0	0	1	0	0	0	19	0	0	1	0.125	0.14	0.161	0.301
Will Benson	CLE	OF	24	28	55	8	10	1	0	0	3	0	0	3	19	1	0	2	0.182	0.25	0.2	0.45
Livan Soto	LAA	SS	22	18	55	9	22	5	1	1	9	1	1	2	13	1	1	0	0.4	0.414	0.582	0.996
Edmundo Sosa	PHI	SS	27	25	54	9	17	7	1	2	13	3	0	1	12	1	1	2	0.315	0.345	0.593	0.938
Willians Astudillo	MIA	3B	31	21	54	5	13	0	0	1	4	1	0	1	3	0	0	0	0.241	0.255	0.296	0.551
Travis Jankowski	NYM	OF	31	43	54	11	9	0	0	0	2	3	0	8	9	0	0	1	0.167	0.286	0.167	0.453
Billy McKinney	OAK	OF	28	23	52	3	5	1	0	1	4	0	0	4	16	0	1	0	0.096	0.158	0.173	0.331
Nick Ahmed	ARI	SS	32	17	52	7	12	2	0	3	7	0	1	2	15	0	0	0	0.231	0.259	0.442	0.701
Anthony Bemboom	BAL	C	33	22	52	4	6	2	0	1	1	0	0	6	17	1	0	0	0.115	0.207	0.212	0.419
Phil Gosselin	LAA	3B	34	22	51	2	5	0	1	0	2	0	0	1	18	0	0	1	0.098	0.132	0.137	0.269
Hoy Park	PIT	SS	26	23	51	7	11	2	0	2	6	1	0	4	15	2	2	1	0.216	0.276	0.373	0.649
Tres Barrera	WAS	C	28	19	50	2	9	1	0	0	4	0	0	2	16	1	0	0	0.18	0.212	0.2	0.412
Jake Hager	ARI	SS	30	28	50	4	12	2	0	0	3	0	0	8	17	1	0	0	0.24	0.345	0.28	0.625
Adalberto Mondesi	KC	SS	27	15	50	3	7	0	0	0	3	5	0	4	20	0	0	0	0.14	0.204	0.14	0.344
Jesus Aguilar	BAL	1B	32	16	49	2	11	1	0	1	2	0	0	1	13	0	0	0	0.224	0.24	0.306	0.546
Jonathan Villar	LAA	3B	31	13	49	6	8	0	0	1	3	1	0	4	17	1	0	0	0.163	0.226	0.224	0.45
Jordan Diaz	OAK	2B	22	15	49	3	13	3	0	0	1	0	0	2	7	0	0	0	0.265	0.294	0.327	0.621
Oswald Peraza	NYY	SS	22	18	49	8	15	3	0	1	2	2	0	6	9	0	0	2	0.306	0.404	0.429	0.833
Alec Burleson	STL	OF	24	16	48	4	9	1	0	1	3	1	0	5	9	0	0	0	0.188	0.264	0.271	0.535
Justin Upton	SEA	OF	35	17	48	2	6	1	0	1	3	0	0	6	23	0	0	3	0.125	0.263	0.208	0.471
Connor Wong	BOS	C	26	27	48	8	9	3	0	1	7	0	0	5	16	1	1	1	0.188	0.273	0.313	0.586
Luis Campusano	SD	C	24	16	48	4	12	1	0	1	5	0	0	1	11	0	1	0	0.25	0.26	0.333	0.593
Gabriel Arias	CLE	3B	23	16	47	9	9	1	1	1	5	1	0	8	16	1	0	1	0.191	0.321	0.319	0.64
Josh Palacios	WAS	OF	27	29	47	8	10	2	0	0	2	1	0	1	15	0	0	1	0.213	0.245	0.255	0.5
Miguel Vargas	LAD	1B	23	18	47	4	8	1	0	1	8	1	0	2	13	0	1	0	0.17	0.2	0.255	0.455
Mauricio Dubon	SF	OF	28	21	46	10	11	1	0	2	8	0	0	1	4	0	2	0	0.239	0.245	0.391	0.636
Harrison Bader	NYY	OF	28	14	46	3	10	3	0	0	9	2	1	2	15	0	1	0	0.217	0.245	0.283	0.528
Mickey Moniak	PHI	OF	24	18	46	4	6	1	0	0	2	0	0	3	19	1	0	0	0.13	0.184	0.152	0.336
Eric Hosmer	BOS	1B	33	14	45	6	11	3	0	0	4	0	0	4	9	0	0	1	0.244	0.32	0.311	0.631
Willie Calhoun	TEX	OF	28	18	44	7	6	3	0	1	2	0	0	8	6	0	0	1	0.136	0.283	0.273	0.556
Niko Goodrum	HOU	SS	31	15	43	2	5	2	0	0	1	1	0	2	23	0	0	0	0.116	0.156	0.163	0.319
Matt Beaty	SD	1B	29	20	43	6	4	1	1	0	1	0	0	2	8	0	0	2	0.093	0.17	0.163	0.333
Tim Locastro	NYY	OF	30	38	43	13	8	1	0	2	4	8	2	2	7	0	0	1	0.186	0.239	0.349	0.588
Will Brennan	CLE	OF	25	11	42	6	15	1	1	1	8	2	1	2	4	0	0	1	0.357	0.4	0.5	0.9
Roman Quinn	TB	OF	29	21	42	7	11	2	2	0	4	0	2	4	21	0	0	1	0.262	0.34	0.405	0.745
Cam Gallagher	KC	C	30	18	42	1	9	5	0	0	5	0	0	3	13	2	0	0	0.214	0.267	0.333	0.6
Yu Chang	PIT	3B	27	18	42	5	7	1	0	1	2	0	1	4	18	0	0	3	0.167	0.286	0.262	0.548
Wynton Bernard	COL	OF	32	12	42	9	12	1	0	0	3	3	1	0	8	0	0	0	0.286	0.286	0.31	0.596
Robinson Cano	NYM	2B	40	12	41	3	8	0	0	1	3	0	0	2	11	0	0	0	0.195	0.233	0.268	0.501
Esteban Quiroz	CHC	2B	31	14	40	3	11	0	0	0	3	1	1	4	9	1	0	2	0.275	0.37	0.275	0.645
Royce Lewis	MIN	SS	23	12	40	5	12	4	0	2	5	0	0	1	5	0	0	0	0.3	0.317	0.55	0.867
Curt Casali	SEA	C	34	16	40	7	5	1	0	1	3	0	0	9	14	0	0	1	0.125	0.3	0.225	0.525
Jeter Downs	BOS	2B	24	14	39	4	6	1	0	1	4	0	0	1	21	0	1	0	0.154	0.171	0.256	0.427
Brett Baty	NYM	3B	23	11	38	4	7	0	0	2	5	0	0	2	8	0	0	1	0.184	0.244	0.342	0.586
David MacKinnon	LAA	1B	28	16	37	0	7	0	0	0	6	0	0	5	12	0	1	0	0.189	0.279	0.189	0.468
Erik Gonzalez	MIA	3B	31	16	37	4	7	1	0	0	3	1	0	4	12	0	0	0	0.189	0.268	0.216	0.484
Clint Frazier	CHC	OF	28	19	37	4	8	3	0	0	1	1	0	7	11	0	0	1	0.216	0.356	0.297	0.653
Yolmer Sanchez	BOS	2B	30	14	37	1	4	0	0	0	2	0	2	5	13	2	0	0	0.108	0.214	0.108	0.322
Roman Quinn	PHI	OF	29	23	37	8	6	1	0	0	3	4	1	3	15	0	0	0	0.162	0.225	0.189	0.414
Lewis Brinson	SF	OF	28	16	36	5	6	2	0	3	4	1	0	2	14	1	0	0	0.167	0.211	0.472	0.683
Mark Vientos	NYM	DH	23	16	36	3	6	1	0	1	3	0	0	5	12	0	0	0	0.167	0.268	0.278	0.546
Miguel Andujar	PIT	OF	28	9	36	4	9	3	1	0	9	0	1	2	5	0	2	0	0.25	0.275	0.389	0.664
Steven Duggar	SF	OF	29	12	36	2	7	3	0	0	4	4	0	2	16	0	1	0	0.194	0.231	0.278	0.509
Conner Capel	OAK	OF	25	13	35	6	13	0	1	2	9	1	1	4	8	0	1	0	0.371	0.425	0.6	1.025
Chad Wallach	LAA	C	31	12	35	3	5	1	0	1	4	0	0	4	9	1	0	0	0.143	0.231	0.257	0.488
Lenyn Sosa	CWS	2B	23	11	35	3	4	1	0	1	1	0	0	1	12	0	0	0	0.114	0.139	0.229	0.368
Sergio Alcantara	SD	SS	26	22	35	3	4	0	0	0	3	0	2	2	12	0	1	0	0.114	0.158	0.114	0.272
Abraham Almonte	BOS	OF	33	15	35	7	9	2	0	1	2	1	0	1	12	0	0	1	0.257	0.297	0.4	0.697
Zach Reks	TEX	OF	29	16	34	3	9	1	0	0	3	0	1	0	10	0	0	0	0.265	0.265	0.294	0.559
Ezequiel Tovar	COL	SS	21	9	33	2	7	1	0	1	2	0	0	2	9	0	0	0	0.212	0.257	0.333	0.59
Ji Hwan Bae	PIT	OF	23	10	33	5	11	3	0	0	6	3	0	2	6	0	0	2	0.333	0.405	0.424	0.829
Robinson Cano	SD	2B	40	12	33	1	3	0	0	0	1	0	0	1	10	0	0	0	0.091	0.118	0.091	0.209
Alex Dickerson	ATL	OF	32	13	33	3	4	0	0	1	2	0	0	3	9	0	0	0	0.121	0.194	0.212	0.406
Elier Hernandez	TEX	OF	28	14	33	4	6	2	0	0	3	0	0	1	15	0	1	0	0.182	0.2	0.242	0.442
Tom Murphy	SEA	C	31	14	33	9	10	2	0	1	1	0	0	8	13	0	0	0	0.303	0.439	0.455	0.894
Dom Nunez	COL	C	28	14	33	3	4	1	0	0	2	0	0	6	10	0	2	0	0.121	0.244	0.152	0.396
Andrew Knapp	PIT	C	31	11	31	2	4	1	0	0	2	0	0	3	9	0	0	1	0.129	0.229	0.161	0.39
Estevan Florial	NYY	OF	25	17	31	4	3	0	0	0	1	2	0	3	13	0	0	1	0.097	0.2	0.097	0.297
Cody Thomas	OAK	OF	28	10	30	1	8	0	0	0	0	0	0	2	12	0	0	0	0.267	0.313	0.267	0.58
Richie Martin	BAL	SS	28	13	30	4	5	0	2	0	3	3	1	3	10	0	0	0	0.167	0.242	0.3	0.542
Jake Lamb	SEA	OF	32	16	30	3	5	1	0	1	2	0	0	3	14	0	0	1	0.167	0.265	0.3	0.565
Nick Plummer	NYM	OF	26	14	29	4	4	1	0	2	6	0	0	1	12	0	0	1	0.138	0.194	0.379	0.573
Mike Ford	SEA	1B	30	16	29	1	5	1	0	0	3	0	0	8	12	0	0	1	0.172	0.368	0.207	0.575
David Hensley	HOU	DH	26	16	29	7	10	2	1	1	5	0	0	5	6	0	0	0	0.345	0.441	0.586	1.027
Payton Henry	MIA	C	25	15	28	2	4	0	0	0	4	0	0	5	8	0	0	2	0.143	0.314	0.143	0.457
Kelvin Gutierrez	BAL	3B	28	12	28	2	4	1	0	0	3	1	0	4	8	0	0	0	0.143	0.25	0.179	0.429
Jonathan Arauz	BAL	2B	24	9	28	2	5	0	0	1	4	0	0	1	9	0	0	0	0.179	0.207	0.286	0.493
Esteury Ruiz	SD	OF	24	14	27	1	6	1	1	0	2	1	2	0	5	0	0	0	0.222	0.222	0.333	0.555
Max Schrock	CIN	OF	28	13	26	1	4	0	0	0	1	0	0	1	6	0	0	0	0.154	0.185	0.154	0.339
Austin Romine	STL	C	34	11	26	2	4	1	0	0	0	0	0	2	7	0	0	0	0.154	0.214	0.192	0.406
Robinson Cano	ATL	2B	40	9	26	1	4	1	0	0	0	0	0	1	4	0	0	0	0.154	0.185	0.192	0.377
Sebastian Rivero	KC	C	24	17	26	2	4	0	0	0	1	0	0	2	10	1	0	0	0.154	0.214	0.154	0.368
Korey Lee	HOU	C	24	12	25	1	4	2	0	0	4	0	0	1	9	0	0	0	0.16	0.192	0.24	0.432
Tim Beckham	MIN	SS	33	12	25	1	2	0	0	0	1	0	0	0	9	0	0	0	0.08	0.08	0.08	0.16
Zack Collins	PIT	C	28	10	25	2	1	0	0	0	1	0	0	3	10	0	1	0	0.04	0.138	0.04	0.178
Brent Rooker	KC	OF	28	14	25	1	4	1	0	0	2	0	0	3	7	0	0	1	0.16	0.276	0.2	0.476
Lucius Fox	WAS	SS	25	10	25	2	2	0	0	0	2	1	0	1	9	2	0	0	0.08	0.115	0.08	0.195
Eddy Alvarez	LAD	2B	33	14	25	1	4	0	0	0	3	1	0	0	9	1	1	0	0.16	0.154	0.16	0.314
Jaylin Davis	BOS	OF	28	12	24	4	8	1	0	0	2	0	0	3	11	0	0	0	0.333	0.407	0.375	0.782
Matt Davidson	OAK	DH	31	8	24	2	4	0	0	1	2	0	1	0	10	0	0	0	0.167	0.167	0.292	0.459
Yonny Hernandez	ARI	3B	24	12	24	2	2	0	0	0	0	2	0	2	4	2	0	0	0.083	0.154	0.083	0.237
Mike Siani	CIN	OF	23	9	24	1	4	0	0	0	0	0	1	0	7	0	0	0	0.167	0.167	0.167	0.334
Phil Gosselin	ATL	3B	34	12	23	4	6	0	0	0	0	0	0	1	6	0	0	0	0.261	0.292	0.261	0.553
Ildemaro Vargas	CHC	3B	31	10	23	4	3	0	1	1	4	0	0	3	2	0	0	0	0.13	0.231	0.348	0.579
Ryan Aguilar	LAA	OF	28	7	22	2	3	1	0	0	2	0	0	2	14	0	1	1	0.136	0.231	0.182	0.413
Maikel Garcia	KC	SS	23	9	22	1	7	1	0	0	2	0	0	1	5	0	0	0	0.318	0.348	0.364	0.712
Mark Payton	CWS	OF	31	8	21	3	3	0	0	0	1	0	0	4	4	0	0	0	0.143	0.28	0.143	0.423
Adam Haseley	CWS	OF	26	14	21	4	5	0	0	0	2	0	0	3	7	1	0	0	0.238	0.333	0.238	0.571
Dalton Guthrie	PHI	OF	27	14	21	3	7	0	0	1	5	1	0	6	7	0	0	1	0.333	0.5	0.476	0.976
Heliot Ramos	SF	OF	23	9	20	4	2	0	0	0	0	0	0	2	6	0	0	0	0.1	0.182	0.1	0.282
Yu Chang	BOS	3B	27	11	20	3	3	2	0	0	1	0	0	5	7	0	0	1	0.15	0.346	0.25	0.596
Ben DeLuzio	STL	OF	28	22	20	3	3	1	0	0	0	0	1	3	5	1	0	1	0.15	0.292	0.2	0.492
Mark Kolozsvary	CIN	C	27	10	20	3	4	2	0	1	3	0	0	1	9	0	0	0	0.2	0.238	0.45	0.688
Matthew Batten	SD	3B	27	15	19	0	2	1	0	0	1	0	0	2	6	0	0	1	0.105	0.227	0.158	0.385
Jared Young	CHC	1B	27	6	19	2	5	2	0	0	0	1	0	3	7	0	0	0	0.263	0.364	0.368	0.732
Travis Shaw	BOS	3B	32	7	19	0	0	0	0	0	0	0	0	0	7	0	0	0	0	0	0	0
Steven Souza	SEA	OF	33	6	19	0	3	0	0	0	1	0	0	0	8	0	0	0	0.158	0.158	0.158	0.316
Steven Duggar	LAA	OF	29	9	19	3	1	0	1	0	0	0	0	3	13	0	0	0	0.053	0.182	0.158	0.34
Pedro Severino	MIL	C	29	8	18	0	4	2	0	0	1	0	0	3	7	0	0	0	0.222	0.333	0.333	0.666
Ernie Clement	OAK	2B	26	6	18	1	1	1	0	0	0	0	0	0	2	0	0	0	0.056	0.056	0.111	0.167
Bryce Johnson	SF	OF	27	11	18	1	2	0	0	0	2	0	0	1	7	0	0	0	0.111	0.158	0.111	0.269
Caleb Hamilton	MIN	C	28	22	18	5	1	0	0	1	1	0	0	4	14	1	0	0	0.056	0.227	0.222	0.449
Carlos Perez	CWS	C	26	7	18	0	4	2	0	0	2	0	0	0	2	0	0	0	0.222	0.222	0.333	0.555
Ivan Herrera	STL	C	22	11	18	0	2	0	0	0	1	0	0	2	8	1	1	0	0.111	0.19	0.111	0.301
Ford Proctor	SF	C	26	7	18	3	2	0	0	1	6	0	0	2	3	0	2	0	0.111	0.182	0.278	0.46
Jose Godoy	PIT	C	28	8	17	1	1	0	0	0	1	0	0	0	7	0	0	0	0.059	0.059	0.059	0.118
Steven Duggar	TEX	OF	29	8	17	2	3	0	0	0	0	1	1	2	12	0	0	0	0.176	0.263	0.176	0.439
Conner Capel	STL	OF	25	9	17	1	3	0	0	1	2	0	0	1	2	0	1	0	0.176	0.211	0.353	0.564
Brett Phillips	BAL	OF	28	8	17	1	2	2	0	0	1	0	0	0	9	0	0	0	0.118	0.118	0.235	0.353
Bobby Bradley	CLE	1B	26	8	17	1	2	0	0	0	0	0	0	0	9	0	0	0	0.118	0.118	0.118	0.236
Bradley Zimmer	PHI	OF	30	9	16	4	4	1	0	0	0	0	0	0	4	0	0	0	0.25	0.25	0.313	0.563
Mark Mathias	MIL	DH	28	6	16	2	2	0	0	1	4	1	0	0	4	0	1	0	0.125	0.118	0.313	0.431
Miles Mastrobuoni	TB	2B	27	8	16	1	3	0	0	0	0	1	0	1	6	0	0	0	0.188	0.235	0.188	0.423
Pablo Reyes	MIL	3B	29	6	15	1	4	0	0	0	0	0	0	1	2	0	0	0	0.267	0.313	0.267	0.58
Tyler Heineman	TOR	C	31	10	15	2	4	2	0	0	1	0	0	0	4	1	0	0	0.267	0.267	0.4	0.667
Dixon Machado	SF	SS	31	5	15	1	3	0	0	0	0	0	0	1	5	0	0	1	0.2	0.294	0.2	0.494
Sandy Leon	CLE	C	33	9	15	0	2	0	0	0	0	0	0	6	4	0	0	0	0.133	0.381	0.133	0.514
Michael Perez	NYM	C	30	6	14	2	2	0	0	0	3	0	0	2	6	0	0	0	0.143	0.25	0.143	0.393
Trayce Thompson	SD	OF	31	6	14	1	1	0	0	0	2	0	1	2	7	0	0	0	0.071	0.188	0.071	0.259
Manny Pina	ATL	C	35	5	14	1	2	0	0	0	2	0	0	1	1	0	1	1	0.143	0.235	0.143	0.378
Brandon Dixon	SD	3B	31	5	14	1	3	1	0	0	1	0	0	0	5	0	0	0	0.214	0.214	0.286	0.5
Austin Allen	OAK	C	29	5	14	1	1	0	0	0	0	0	0	1	9	0	0	1	0.071	0.188	0.071	0.259
Rylan Bannon	BAL	3B	26	4	14	0	2	0	0	0	0	0	0	0	5	0	0	1	0.143	0.2	0.143	0.343
Steele Walker	TEX	OF	26	5	14	1	1	0	0	1	1	0	0	2	4	0	0	0	0.071	0.188	0.286	0.474
Logan O'Hoppe	LAA	C	23	5	14	1	4	0	0	0	2	0	0	2	3	0	0	0	0.286	0.375	0.286	0.661
Israel Pineda	WAS	C	22	4	13	1	1	0	0	0	0	0	0	1	7	0	0	0	0.077	0.143	0.077	0.22
James Outman	LAD	OF	25	4	13	6	6	2	0	1	3	0	0	2	7	0	0	1	0.462	0.563	0.846	1.409
David MacKinnon	OAK	1B	28	6	13	2	0	0	0	0	0	0	0	1	5	0	0	0	0	0.071	0	0.071
Drew Ellis	ARI	3B	27	6	13	2	2	1	0	0	1	0	0	1	6	0	0	0	0.154	0.214	0.231	0.445
Billy Hamilton	MIA	OF	32	20	13	9	1	0	0	0	0	7	0	1	8	1	0	0	0.077	0.143	0.077	0.22
Ehire Adrianza	ATL	OF	33	6	13	3	2	1	0	0	0	0	0	3	3	0	0	0	0.154	0.313	0.231	0.544
Chris Okey	CIN	C	28	7	12	3	2	0	0	0	0	0	0	0	5	0	0	1	0.167	0.231	0.167	0.398
Alex Jackson	MIL	C	27	5	12	0	3	0	0	0	0	0	0	0	7	0	0	0	0.25	0.25	0.25	0.5
Kevin Pillar	LAD	OF	34	4	12	1	1	1	0	0	0	0	0	1	4	0	0	0	0.083	0.154	0.167	0.321
Alex Call	CLE	OF	28	12	12	2	2	0	0	0	0	0	0	4	4	0	0	0	0.167	0.375	0.167	0.542
Luke Williams	SF	OF	26	8	12	1	3	1	0	0	3	0	0	0	4	0	0	0	0.25	0.25	0.333	0.583
Kevin Padlo	SF	3B	26	4	12	0	2	0	0	0	0	0	0	0	4	0	0	0	0.167	0.167	0.167	0.334
Francisco Alvarez	NYM	DH	21	5	12	3	2	1	0	1	1	0	0	2	4	0	0	0	0.167	0.286	0.5	0.786
Bryan Lavastida	CLE	C	24	6	12	0	1	0	0	0	0	0	0	3	4	0	0	0	0.083	0.267	0.083	0.35
Dillon Thomas	LAA	OF	30	8	11	1	1	0	0	0	0	0	0	2	6	0	0	1	0.091	0.286	0.091	0.377
Zach McKinstry	LAD	2B	27	10	11	4	1	0	0	1	2	0	0	3	4	0	0	0	0.091	0.286	0.364	0.65
Kevin Padlo	PIT	3B	26	3	11	0	0	0	0	0	0	0	0	0	1	0	0	0	0	0	0	0
Aaron Whitefield	LAA	OF	26	5	11	0	0	0	0	0	0	0	0	0	5	0	0	0	0	0	0	0
Kevin Plawecki	TEX	C	32	3	11	0	3	0	0	0	1	0	0	0	4	0	0	0	0.273	0.273	0.273	0.546
Monte Harrison	LAA	OF	27	9	11	5	2	0	0	1	3	1	0	2	8	0	0	1	0.182	0.357	0.455	0.812
Dustin Garneau	DET	C	35	8	10	1	3	1	0	0	1	0	0	1	4	0	0	0	0.3	0.364	0.4	0.764
Yu Chang	CLE	3B	27	4	10	0	0	0	0	0	0	0	0	0	7	0	0	0	0	0	0	0
Matt Davidson	ARI	DH	31	5	10	1	1	0	0	1	1	0	0	3	3	0	0	0	0.1	0.308	0.4	0.708
Joe Dunand	MIA	3B	27	3	10	2	3	1	0	1	1	0	0	0	3	0	0	1	0.3	0.364	0.7	1.064
Brendon Davis	DET	3B	25	3	10	2	2	0	0	0	0	1	0	1	3	0	0	0	0.2	0.273	0.2	0.473
Kevin Padlo	SEA	3B	26	6	10	0	2	1	0	0	3	0	0	1	5	0	0	0	0.2	0.273	0.3	0.573
Jonathan Arauz	BOS	2B	24	6	10	1	0	0	0	0	1	0	0	0	3	1	1	0	0	0	0	0
Christian Lopes	OAK	2B	30	4	9	0	0	0	0	0	0	0	0	1	5	0	0	0	0	0.1	0	0.1
Michael Papierski	SF	C	27	5	9	1	0	0	0	0	0	0	0	1	4	0	0	0	0	0.1	0	0.1
Zack Short	DET	SS	27	6	9	2	0	0	0	0	2	1	0	2	5	0	2	0	0	0.154	0	0.154
Otto Lopez	TOR	SS	24	8	9	0	6	0	0	0	3	0	1	1	1	0	0	0	0.667	0.7	0.667	1.367
Travis Swaggerty	PIT	OF	25	5	9	0	1	0	0	0	0	0	0	0	4	0	0	0	0.111	0.111	0.111	0.222
Bo Naylor	CLE	C	23	5	8	0	0	0	0	0	0	0	0	0	5	0	0	0	0	0	0	0
Yainer Diaz	HOU	DH	24	6	8	0	1	1	0	0	1	0	0	1	2	0	0	0	0.125	0.222	0.25	0.472
Narciso Crook	CHC	OF	27	4	8	1	2	1	0	0	2	0	0	0	3	0	1	0	0.25	0.222	0.375	0.597
Ender Inciarte	NYM	OF	32	11	8	1	1	0	0	0	0	0	0	0	0	0	0	0	0.125	0.125	0.125	0.25
Austin Romine	LAA	C	34	3	8	0	2	0	0	0	0	0	0	0	3	1	0	0	0.25	0.25	0.25	0.5
Willie Calhoun	SF	OF	28	4	8	0	1	0	0	0	1	0	0	1	2	0	0	0	0.125	0.222	0.125	0.347
Austin Dean	SF	OF	29	3	8	1	3	0	0	0	0	0	0	1	0	0	0	0	0.375	0.444	0.375	0.819
Jason Krizan	SF	OF	33	3	8	0	1	0	0	0	0	0	0	2	3	0	0	0	0.125	0.3	0.125	0.425
Stuart Fairchild	SF	OF	26	5	8	1	0	0	0	0	0	0	0	0	3	0	0	0	0	0	0	0
Esteury Ruiz	MIL	OF	24	3	8	2	0	0	0	0	0	0	0	1	2	0	0	0	0	0.111	0	0.111
Mike Ford	ATL	1B	30	5	7	0	0	0	0	0	0	0	0	1	2	0	0	0	0	0.125	0	0.125
Brent Rooker	SD	OF	28	2	7	0	0	0	0	0	0	0	0	0	4	0	0	0	0	0	0	0
Simon Muzziotti	PHI	OF	24	9	7	0	1	0	0	0	0	0	0	0	2	1	0	1	0.143	0.25	0.143	0.393
Billy Hamilton	MIN	OF	32	17	7	4	0	0	0	0	0	3	1	1	4	0	0	0	0	0.125	0	0.125
Gosuke Katoh	TOR	2B	28	8	7	2	1	1	0	0	0	0	0	3	1	1	0	0	0.143	0.4	0.286	0.686
Terrance Gore	NYM	OF	31	10	7	1	1	0	0	0	0	3	0	0	3	1	0	0	0.143	0.143	0.143	0.286
Freddy Fermin	KC	C	27	3	7	1	0	0	0	0	0	0	1	0	3	0	0	0	0	0	0	0
Dairon Blanco	KC	OF	29	5	7	1	2	0	0	0	2	1	0	0	4	0	0	0	0.286	0.286	0.286	0.572
Grayson Greiner	ARI	C	30	2	6	0	1	0	0	0	0	0	0	2	3	0	0	0	0.167	0.375	0.167	0.542
Ronald Guzman	NYY	1B	28	3	6	0	0	0	0	0	0	0	0	0	5	0	0	0	0	0	0	0
Deven Marrero	NYM	SS	32	5	6	0	0	0	0	0	0	1	0	0	3	0	0	0	0	0	0	0
Taylor Motter	CIN	SS	33	2	6	0	1	0	0	0	0	0	0	0	3	0	0	0	0.167	0.167	0.167	0.334
Wilmer Difo	ARI	2B	30	3	6	0	0	0	0	0	0	0	0	0	1	0	0	0	0	0	0	0
Luis Liberato	SD	OF	27	7	5	0	0	0	0	0	0	0	0	0	3	0	0	0	0	0	0	0
Canaan Smith-Njigba	PIT	OF	23	3	5	1	1	1	0	0	0	0	0	1	0	0	0	1	0.2	0.429	0.4	0.829
Eguy Rosario	SD	3B	23	7	5	0	1	0	0	0	0	0	0	1	2	0	0	0	0.2	0.333	0.2	0.533
Marcus Wilson	SEA	OF	26	3	5	1	1	0	0	0	0	0	0	1	4	0	0	0	0.2	0.333	0.2	0.533
Josh Lester	DET	1B	28	2	5	0	0	0	0	0	0	0	0	0	3	0	0	0	0	0	0	0
Vinny Capra	TOR	OF	26	8	5	2	1	0	0	0	0	0	0	2	1	0	0	0	0.2	0.429	0.2	0.629
Mickey McDonald	OAK	OF	27	4	4	0	0	0	0	0	0	0	0	2	3	0	0	0	0	0.333	0	0.333
Chadwick Tromp	ATL	C	27	1	4	0	3	2	0	0	3	0	0	0	0	0	0	0	0.75	0.75	1.25	2
Andrew Knapp	SEA	C	31	2	4	0	0	0	0	0	0	0	0	0	3	0	0	0	0	0	0	0
Andrew Knapp	SF	C	31	3	4	2	1	0	0	0	2	0	0	2	0	0	1	0	0.25	0.429	0.25	0.679
Anthony Alford	PIT	OF	28	2	4	0	1	0	0	0	0	0	0	0	2	0	0	0	0.25	0.25	0.25	0.5
Tony Wolters	LAD	C	30	2	4	0	0	0	0	0	0	0	0	0	3	0	0	0	0	0	0	0
Mike Ford	SF	1B	30	1	4	0	1	0	0	0	2	0	0	0	0	0	0	0	0.25	0.25	0.25	0.5
Brewer Hicklen	KC	OF	27	6	4	1	0	0	0	0	0	0	0	0	4	0	0	0	0	0	0	0
JT Riddle	CIN	3B	31	2	4	0	1	0	0	0	0	0	0	0	1	0	0	0	0.25	0.25	0.25	0.5
Mario Feliciano	MIL	C	24	2	4	0	1	0	0	0	0	0	0	1	1	0	0	0	0.25	0.4	0.25	0.65
Ronnie Dawson	CIN	OF	27	1	3	0	0	0	0	0	0	0	0	0	2	0	0	0	0	0	0	0
Drew Ellis	SEA	3B	27	1	3	0	1	0	0	0	0	0	0	0	1	0	0	0	0.333	0.333	0.333	0.666
Stuart Fairchild	SEA	OF	26	3	3	0	0	0	0	0	0	0	0	0	2	0	0	0	0	0	0	0
Drew Jackson	OAK	2B	29	3	3	0	0	0	0	0	0	0	0	0	1	0	0	0	0	0	0	0
DJ Stewart	BAL	OF	29	3	3	0	0	0	0	0	0	0	0	0	2	0	0	0	0	0	0	0
Travis Blankenhorn	NYM	3B	26	1	3	0	0	0	0	0	0	0	0	0	1	0	0	0	0	0	0	0
Rob Brantly	NYY	C	33	1	3	0	1	1	0	0	0	0	0	0	0	0	0	0	0.333	0.333	0.667	1
Liover Peguero	PIT	SS	22	1	3	0	1	0	0	0	0	0	0	1	2	0	0	0	0.333	0.5	0.333	0.833
Brian O'Keefe	SEA	C	29	2	3	0	1	0	0	0	0	0	0	1	2	0	0	0	0.333	0.5	0.333	0.833
Jose Godoy	MIN	C	28	2	3	2	0	0	0	0	0	0	0	2	2	0	0	0	0	0.4	0	0.4
Donny Sands	PHI	C	26	3	3	0	0	0	0	0	0	0	0	1	1	0	0	0	0	0.25	0	0.25
Khalil Lee	NYM	OF	24	2	2	1	1	0	0	1	3	0	0	0	0	0	0	0	0.5	0.5	2	2.5
Joe Perez	HOU	3B	23	1	1	0	0	0	0	0	0	0	0	0	1	0	0	0	0	0	0	0
Kramer Robertson	STL	SS	28	2	1	0	0	0	0	0	1	0	0	0	0	0	0	0	0	0	0	0
Yusniel Diaz	BAL	OF	26	1	1	0	0	0	0	0	0	0	0	0	1	0	0	0	0	0	0	0
Travis Jankowski	SEA	OF	31	1	1	0	0	0	0	0	0	0	0	0	1	0	0	0	0	0	0	0
Oscar Mercado	PHI	OF	28	1	1	0	0	0	0	0	0	0	0	0	1	0	0	0	0	0	0	0
Jack Larsen	SEA	OF	28	1	1	0	0	0	0	0	0	0	0	0	1	0	0	0	0	0	0	0
Taylor Jones	HOU	1B	29	1	1	0	0	0	0	0	0	0	0	0	0	0	0	0	0	0	0	0
Ka'ai Tom	SF	OF	28	1	1	0	0	0	0	0	0	0	0	0	0	0	0	0	0	0	0	0